# This file was produced by samtools stats (1.10+htslib-1.10) and can be plotted using plot-bamstats
# This file contains statistics for all reads.
# The command line was:  stats --reference data/reference/Pf3D7_v3.fa.gz results/aligned/QG0041-C.bam
# CHK, Checksum	[2]Read Names	[3]Sequences	[4]Qualities
# CHK, CRC32 of reads which passed filtering followed by addition (32bit overflow)
CHK	a85ac3cc	6d6b131e	a9c92ca7
# Summary Numbers. Use `grep ^SN | cut -f 2-` to extract this part.
SN	raw total sequences:	4000000
SN	filtered sequences:	0
SN	sequences:	4000000
SN	is sorted:	1
SN	1st fragments:	2000000
SN	last fragments:	2000000
SN	reads mapped:	3645813
SN	reads mapped and paired:	3630386	# paired-end technology bit set + both mates mapped
SN	reads unmapped:	354187
SN	reads properly paired:	3436318	# proper-pair bit set
SN	reads paired:	4000000	# paired-end technology bit set
SN	reads duplicated:	6987	# PCR or optical duplicate bit set
SN	reads MQ0:	150140	# mapped and MQ=0
SN	reads QC failed:	0
SN	non-primary alignments:	0
SN	total length:	400000000	# ignores clipping
SN	total first fragment length:	200000000	# ignores clipping
SN	total last fragment length:	200000000	# ignores clipping
SN	bases mapped:	364581300	# ignores clipping
SN	bases mapped (cigar):	356798594	# more accurate
SN	bases trimmed:	0
SN	bases duplicated:	698700
SN	mismatches:	2892899	# from NM fields
SN	error rate:	8.107933e-03	# mismatches / bases mapped (cigar)
SN	average length:	100
SN	average first fragment length:	100
SN	average last fragment length:	100
SN	maximum length:	100
SN	maximum first fragment length:	100
SN	maximum last fragment length:	100
SN	average quality:	35.2
SN	insert size average:	242.3
SN	insert size standard deviation:	67.3
SN	inward oriented pairs:	1730051
SN	outward oriented pairs:	6319
SN	pairs with other orientation:	5301
SN	pairs on different chromosomes:	78048
SN	percentage of properly paired reads (%):	85.9
# First Fragment Qualities. Use `grep ^FFQ | cut -f 2-` to extract this part.
# Columns correspond to qualities and rows to cycles. First column is the cycle number.
FFQ	1	999	1081	1364	151	517	1538	2213	0	291	802	0	7199	2050	2066	6529	7061	8703	5319	5375	6741	6989	15962	7801	23601	32812	3721	15960	20740	0	0	68426	142634	1310076	273709	17570	0	0	0	0	0	0	0	0	0
FFQ	2	82	0	27	260	0	0	0	818	0	0	0	1230	0	2413	1766	0	0	0	702	5299	0	0	3450	3942	9083	39363	2678	0	6412	207065	673550	1007232	0	34628	0	0	0	0	0	0	0	0	0	0
FFQ	3	323	260	252	0	0	0	546	0	650	0	0	0	432	0	4389	426	543	1500	1711	1307	1988	1593	11134	1359	1596	0	0	0	15223	0	103672	0	195040	239204	62209	1354643	0	0	0	0	0	0	0	0
FFQ	4	818	10	261	0	0	25	285	252	0	0	0	482	1112	0	0	3916	0	5648	827	1064	1828	3594	7074	11696	6770	0	4899	0	0	91000	8839	11522	82824	104214	92806	599618	958616	0	0	0	0	0	0	0
FFQ	5	341	0	8	0	0	0	0	187	0	86	0	0	0	0	0	0	0	0	7628	0	0	0	0	0	0	0	0	58121	20973	0	0	0	0	136052	1525347	251257	0	0	0	0	0	0	0	0
FFQ	6	0	1	0	0	0	0	224	0	0	0	0	80	0	0	0	0	8470	765	0	0	0	0	0	0	0	0	0	0	60578	0	20995	0	0	0	251284	214367	1312841	0	0	130395	0	0	0	0
FFQ	7	0	95	235	186	0	487	0	0	0	476	345	0	2052	0	726	0	10570	2110	849	1031	528	0	796	0	0	0	0	0	0	17497	71254	17979	0	0	0	0	0	1872784	0	0	0	0	0	0
FFQ	8	0	86	0	45	0	0	104	505	0	0	0	0	0	0	616	0	0	247	8103	1922	0	716	797	25498	0	0	0	0	0	0	90889	46275	0	0	18197	14163	1791837	0	0	0	0	0	0	0
FFQ	9	0	59	0	0	356	69	0	0	680	0	0	0	1614	3119	249	974	0	579	608	2747	1081	4064	954	4804	1542	36919	0	0	0	6918	20398	0	172992	0	17319	0	1721955	0	0	0	0	0	0	0
FFQ	10	0	0	0	0	0	0	0	0	0	0	0	0	872	0	0	0	0	0	0	0	0	14246	0	0	0	0	0	0	0	0	0	114582	0	0	427079	568520	448755	0	295987	129959	0	0	0	0
FFQ	11	0	247	260	189	362	0	413	270	0	540	0	940	0	0	3485	0	1910	5237	2078	18372	9020	5300	798	3377	0	0	0	0	16730	0	14579	94760	0	54515	101359	323284	302570	1039405	0	0	0	0	0	0
FFQ	12	3	49	343	378	0	0	0	62	0	1434	2007	0	0	0	4331	0	3785	2195	2614	1327	0	4763	12639	0	22522	0	0	0	0	0	0	0	172891	0	75585	687097	547698	316919	141358	0	0	0	0	0
FFQ	13	0	26	361	36	0	326	528	0	0	0	860	0	871	959	1990	0	818	0	3353	5724	0	0	18832	0	0	0	3006	3050	0	6797	0	131069	19973	0	17727	0	1783694	0	0	0	0	0	0	0
FFQ	14	2	32	281	44	0	70	81	591	0	862	0	0	433	0	0	2027	476	0	1166	2576	2370	18776	25879	2471	0	0	0	0	0	0	14705	132366	0	52336	0	246125	203045	0	53774	1239512	0	0	0	0
FFQ	15	0	23	0	420	0	0	436	0	289	0	724	0	1721	0	0	0	6844	3042	703	2905	1751	0	19399	0	3143	0	2108	0	48153	0	0	9953	0	0	142750	506465	371900	305162	393891	0	178218	0	0	0
FFQ	16	0	33	275	7	0	392	0	0	503	0	0	0	0	1632	0	0	821	0	14302	408	0	1348	0	0	0	0	0	0	0	0	91373	0	0	0	17098	290630	540297	186143	781713	73025	0	0	0	0
FFQ	17	0	0	24	203	0	0	537	0	0	0	0	2163	2158	0	517	382	805	336	323	572	0	0	0	0	38103	0	17289	0	0	0	0	0	0	194139	101621	327066	0	311427	755969	246366	0	0	0	0
FFQ	18	1	42	350	0	0	241	450	0	0	0	0	0	1870	0	347	5450	0	557	0	445	1537	0	0	0	0	43359	0	0	0	17264	0	0	0	105122	260388	129408	1378368	0	54801	0	0	0	0	0
FFQ	19	13	22	214	0	0	28	0	0	0	862	0	2263	0	0	0	581	3585	0	0	1765	3171	0	975	0	0	0	47541	0	0	0	0	0	13040	0	221532	0	0	1704408	0	0	0	0	0	0
FFQ	20	68	125	16	276	20	0	0	0	1324	0	0	0	439	310	2780	2194	912	8662	1591	1789	1066	2707	1074	5743	0	17747	51162	0	0	0	0	11195	0	256646	151297	219652	0	1261205	0	0	0	0	0	0
FFQ	21	2	27	0	250	0	0	0	0	685	0	793	0	0	0	0	3514	0	11523	0	0	2684	1731	6564	968	0	0	0	0	0	7001	85465	0	0	0	71735	550355	144411	599246	513046	0	0	0	0	0
FFQ	22	0	184	33	0	0	0	376	0	0	834	0	0	0	0	0	0	0	2091	16273	914	0	2528	2627	0	1724	0	0	0	0	112094	0	0	0	0	0	527869	739425	593028	0	0	0	0	0	0
FFQ	23	82	142	0	41	0	419	407	0	0	0	0	0	0	1481	6056	798	0	1360	0	1071	4025	0	3360	2234	0	0	0	0	47740	0	9501	0	99097	0	253287	857369	0	711530	0	0	0	0	0	0
FFQ	24	122	0	17	9	0	0	0	0	131	0	122	1806	0	0	0	551	177	0	395	332	2307	689	2955	21707	4590	0	2232	0	0	16443	23500	0	0	167391	0	0	1728359	0	26165	0	0	0	0	0
FFQ	25	0	0	0	0	49	9	79	0	0	1618	0	0	0	0	0	0	0	0	0	0	21499	0	0	0	0	0	0	0	24353	0	0	140970	49225	0	0	30480	19842	1711876	0	0	0	0	0	0
FFQ	26	148	44	205	261	125	0	485	665	0	3289	0	0	0	2801	417	1281	1988	2994	0	1263	24954	714	0	963	0	14727	0	0	16831	0	0	0	135909	0	0	261867	275165	629619	623285	0	0	0	0	0
FFQ	27	42	16	0	0	0	218	0	0	0	1172	0	0	0	8099	938	3938	0	1134	1345	0	2171	4703	0	0	39079	0	2904	0	5203	0	0	0	0	0	476385	0	864641	157252	430760	0	0	0	0	0
FFQ	28	25	0	134	0	0	0	0	0	1616	0	0	0	0	0	10678	0	0	0	0	0	0	0	0	0	0	0	54655	0	0	0	0	0	0	0	0	0	1932892	0	0	0	0	0	0	0
FFQ	29	0	203	202	0	636	230	0	496	0	2727	0	0	1056	0	2437	931	1376	23656	2188	321	3639	6553	4245	0	17489	0	0	0	3569	114485	0	0	0	0	18922	0	0	1794639	0	0	0	0	0	0
FFQ	30	29	0	150	24	0	0	0	83	2604	0	0	0	0	0	0	0	0	21021	552	357	0	0	4951	3665	2566	1611	0	20526	0	83418	7518	0	0	0	0	0	1850925	0	0	0	0	0	0	0
FFQ	31	4	25	0	378	201	0	0	2130	898	0	0	0	0	12529	2877	498	0	0	610	855	4438	0	826	0	0	0	0	58436	0	0	0	35150	29853	227601	0	70015	0	0	1552676	0	0	0	0	0
FFQ	32	0	50	0	0	305	0	112	0	124	4466	0	0	0	0	0	417	0	0	0	30719	0	0	0	0	0	0	0	0	0	0	53358	23424	153755	0	92034	26951	0	0	0	1614285	0	0	0	0
FFQ	33	101	0	223	0	0	0	0	3291	0	0	0	0	0	0	0	0	24309	0	0	0	0	0	0	0	0	0	0	0	0	0	92101	0	0	0	120933	384559	372043	78736	0	683146	0	240558	0	0
FFQ	34	251	62	282	275	0	1009	0	0	3361	0	584	0	2556	0	16766	732	2375	1019	1247	0	21437	3613	1824	0	0	0	10746	70287	0	0	0	0	0	62230	198993	201295	0	638889	282726	477441	0	0	0	0
FFQ	35	0	0	0	0	0	351	0	2916	0	0	0	0	0	0	15374	0	318	0	0	0	1606	0	0	0	0	0	64489	0	0	0	0	0	54796	0	119607	396628	0	70564	1273351	0	0	0	0	0
FFQ	36	7	0	0	0	194	0	0	0	3189	0	0	0	0	0	16197	0	0	0	0	0	0	0	0	0	0	56075	0	0	0	0	0	0	0	37653	74318	244892	156052	563032	848391	0	0	0	0	0
FFQ	37	0	0	0	0	0	0	3382	0	0	323	0	0	0	0	16646	0	0	0	0	0	0	0	0	0	0	0	67511	0	0	0	0	0	0	60407	235951	316477	354298	652878	0	0	0	0	292127	0
FFQ	38	45	0	29	221	0	0	0	151	2871	0	0	0	0	15048	0	0	447	0	0	0	0	0	0	0	0	0	50939	0	0	0	0	30412	42884	102477	59657	27443	0	1667376	0	0	0	0	0	0
FFQ	39	3	55	430	0	0	116	0	0	4346	0	113	0	0	296	305	646	25047	390	566	960	813	736	1571	3352	0	0	0	0	0	19441	86174	17794	0	0	405291	17833	411896	466518	459215	76093	0	0	0	0
FFQ	40	0	0	426	0	0	0	0	0	4448	0	0	0	0	0	0	0	22734	0	0	0	0	0	0	0	0	0	0	0	81422	0	0	52162	42509	0	0	44820	34502	0	1716977	0	0	0	0	0
FFQ	41	1	0	0	0	0	411	0	3860	0	0	0	0	0	17221	0	0	0	0	0	0	0	0	0	0	0	65206	0	0	0	0	0	0	0	39631	0	505976	458391	83304	825999	0	0	0	0	0
FFQ	42	23	0	0	0	0	0	0	4273	302	0	0	0	0	0	17781	0	0	0	0	0	0	0	0	0	0	0	55203	0	0	0	48400	46620	0	53630	20431	15200	0	1738137	0	0	0	0	0	0
FFQ	43	112	0	0	0	461	0	0	5215	0	0	0	0	0	0	0	0	24990	0	0	0	0	0	0	0	0	0	0	0	0	85786	0	0	0	0	0	0	912335	787205	0	0	183896	0	0	0
FFQ	44	406	22	0	51	36	523	0	4553	0	0	0	354	0	18335	279	0	205	277	1384	2150	0	0	0	0	0	0	66191	0	0	0	0	55026	40174	0	221720	95351	178541	1255389	59033	0	0	0	0	0
FFQ	45	89	33	311	278	356	613	2361	0	0	765	0	15156	1473	0	3003	758	0	0	4071	2424	0	34853	2926	12238	3792	0	7804	0	0	0	0	0	0	56217	0	84833	176711	826602	326731	435602	0	0	0	0
FFQ	46	8	380	0	0	0	0	2607	0	0	0	0	15884	0	0	0	0	0	0	0	0	0	0	0	31219	0	0	0	0	0	0	54164	0	0	180174	34326	0	58371	0	1622867	0	0	0	0	0
FFQ	47	0	0	0	0	357	0	0	5093	0	0	0	0	0	20758	0	0	0	0	0	0	0	0	0	0	0	0	60004	0	0	0	0	0	0	72042	92093	0	409238	668664	671751	0	0	0	0	0
FFQ	48	20	0	0	0	0	385	4349	0	0	0	0	0	0	18479	0	0	0	0	0	0	0	0	0	0	54105	0	0	0	0	0	49833	0	100585	0	126271	0	283324	1362649	0	0	0	0	0	0
FFQ	49	0	0	0	0	0	0	581	6331	0	0	0	0	0	0	0	24660	0	0	0	0	0	0	0	0	0	0	0	0	83356	0	0	0	0	0	116488	91831	365507	327998	983248	0	0	0	0	0
FFQ	50	257	0	0	0	46	88	687	0	7762	0	282	0	0	0	0	0	188	30533	0	542	0	1497	2074	0	4329	0	0	0	0	0	150436	0	0	14925	139471	0	282923	302121	0	1061839	0	0	0	0
FFQ	51	32	33	267	0	658	627	0	0	6740	0	0	0	1269	0	23588	0	683	2036	0	0	0	1545	2868	2338	1940	0	9522	76990	0	0	0	0	0	0	62166	641079	0	1165619	0	0	0	0	0	0
FFQ	52	169	366	266	715	1226	0	0	0	5504	1036	0	0	1315	21133	0	539	1811	1359	3922	0	1509	2089	0	2531	0	0	68273	16513	0	11943	0	0	0	0	325696	144104	618202	0	769779	0	0	0	0	0
FFQ	53	57	0	0	724	0	0	0	0	8747	0	0	0	0	0	0	0	32752	0	0	0	0	0	0	0	0	0	0	0	0	116586	0	0	0	0	89264	433986	725347	350073	242464	0	0	0	0	0
FFQ	54	80	0	363	818	0	0	648	0	7114	0	0	0	0	1637	24838	0	678	774	0	1243	1637	0	5089	0	1738	0	0	0	87935	0	0	0	66727	0	0	174238	1506967	77579	0	39897	0	0	0	0
FFQ	55	50	0	0	0	0	777	0	0	7617	0	0	0	0	0	0	0	35006	0	0	0	0	0	0	0	0	0	0	0	100048	0	0	0	0	0	0	0	0	1856502	0	0	0	0	0	0
FFQ	56	54	0	0	837	0	0	0	6141	0	0	0	0	23192	0	0	0	0	0	0	0	0	0	0	0	0	72368	0	0	0	0	0	0	0	0	179474	317118	371837	431242	201167	63317	333253	0	0	0
FFQ	57	0	0	0	0	0	0	855	0	6488	0	0	0	0	23606	0	0	0	0	0	0	0	0	0	0	0	72917	0	0	0	0	0	26826	80222	103095	84598	41099	1560294	0	0	0	0	0	0	0
FFQ	58	5	26	82	3	76	0	5527	594	0	185	320	0	20976	0	0	0	953	0	0	0	576	0	2918	2084	4796	57302	0	0	0	0	0	9832	47044	174036	34615	218518	141139	0	1278393	0	0	0	0	0
FFQ	59	0	0	0	0	0	897	0	6861	0	0	0	0	0	24989	0	0	0	0	0	0	0	0	0	0	0	75945	0	0	0	0	0	0	82470	0	0	312131	432089	362672	0	701946	0	0	0	0
FFQ	60	0	0	0	0	874	102	0	8759	0	0	0	0	0	0	28308	0	0	0	0	0	0	0	0	0	0	0	0	83720	0	0	17969	0	55869	72028	77803	57166	0	24375	1573027	0	0	0	0	0
FFQ	61	44	0	0	0	0	565	6004	0	0	0	0	0	23114	0	0	0	0	0	0	0	0	0	0	0	0	59096	0	0	0	0	51317	0	0	0	117363	579634	706625	0	456238	0	0	0	0	0
FFQ	62	9	57	0	0	0	628	141	7391	439	0	0	0	0	26056	334	0	104	918	378	471	0	0	0	0	0	0	65546	0	0	20740	56908	0	0	60867	249978	412059	0	117645	979331	0	0	0	0	0
FFQ	63	0	0	611	164	0	0	6370	0	0	0	643	19905	0	0	0	0	0	0	0	0	0	0	1764	53536	0	0	0	0	0	0	0	0	22083	140236	0	354619	371710	564062	209216	255081	0	0	0	0
FFQ	64	33	0	0	780	0	0	0	6397	0	0	0	0	24326	0	0	0	610	0	0	0	0	1842	0	0	60212	0	0	0	0	0	20554	69003	0	0	0	392165	402271	1021807	0	0	0	0	0	0
FFQ	65	0	26	674	0	106	0	0	202	8267	0	0	0	0	27773	0	0	0	0	0	0	0	0	0	0	0	67916	0	0	0	0	0	63513	56946	78060	0	279237	0	299038	0	1118242	0	0	0	0
FFQ	66	0	1	0	998	0	0	0	0	8016	0	0	0	28387	0	0	0	0	0	0	0	0	0	0	0	0	0	82329	0	0	0	47383	0	0	40876	443242	0	79915	144153	1124700	0	0	0	0	0
FFQ	67	216	0	0	674	0	0	0	8453	0	0	0	0	0	28944	0	0	0	0	0	0	0	0	0	0	0	0	70802	0	0	0	0	0	80131	0	0	395677	434563	928310	52230	0	0	0	0	0
FFQ	68	140	0	0	0	0	0	0	11239	0	0	0	0	0	0	33040	0	0	0	0	0	0	0	0	0	0	0	0	94071	0	33817	0	0	0	122689	234338	0	0	174919	1295747	0	0	0	0	0
FFQ	69	0	1310	1712	0	127	900	1821	7158	483	0	0	749	27328	0	0	0	2153	0	2710	1711	2277	0	0	64313	0	6934	0	0	0	0	90964	0	121959	0	226151	0	614148	825092	0	0	0	0	0	0
FFQ	70	0	0	0	0	0	722	0	7458	0	0	0	27546	0	0	0	0	0	0	0	0	0	0	0	0	66519	0	0	0	0	0	0	0	56484	0	129296	264763	437309	191734	818169	0	0	0	0	0
FFQ	71	84	0	0	774	0	0	7623	0	0	0	0	23454	0	0	0	0	0	0	0	0	0	0	0	60704	0	0	0	0	0	0	0	67391	0	0	304486	0	401985	0	729369	318201	85929	0	0	0
FFQ	72	141	0	805	137	0	0	4812	0	0	0	0	26718	518	0	0	0	0	0	0	1330	0	0	0	42721	0	0	0	0	0	0	90213	0	0	0	153723	413959	778994	485929	0	0	0	0	0	0
FFQ	73	177	0	0	0	0	1157	0	0	9462	0	0	0	0	32861	0	0	0	0	0	0	0	0	0	0	0	90181	0	0	0	18969	28658	57915	0	0	76308	0	0	0	1684312	0	0	0	0	0
FFQ	74	70	15	0	804	0	134	0	8138	0	0	0	0	29894	0	0	395	297	413	231	286	1560	0	0	0	70299	0	0	0	0	0	0	114325	0	0	184897	181279	360969	0	0	1045994	0	0	0	0
FFQ	75	79	0	0	0	817	0	8163	0	0	0	0	0	30626	0	0	0	0	0	0	0	0	0	0	0	0	71859	0	0	0	0	0	59562	0	119383	151441	306175	283203	730039	0	0	0	0	238653	0
FFQ	76	0	1	0	0	0	832	0	9607	0	0	0	0	0	32063	0	0	0	0	0	0	0	0	0	0	0	72456	0	0	0	0	0	0	0	61047	0	0	933394	623044	0	0	0	267556	0	0
FFQ	77	0	0	0	0	812	0	0	0	8115	0	0	24545	0	0	0	0	0	0	0	0	0	0	0	60869	0	0	0	0	0	0	0	0	74613	49820	112709	829125	239482	599910	0	0	0	0	0	0
FFQ	78	1	242	974	1141	1708	0	9464	0	2575	0	0	0	32017	882	2916	0	2447	0	3835	966	3600	3004	753	0	0	0	88788	0	0	0	0	0	0	0	104628	770972	0	562298	406789	0	0	0	0	0
FFQ	79	8	1	825	0	0	0	8467	0	0	0	0	0	30408	0	0	0	0	0	0	0	0	0	0	68823	0	0	0	0	0	0	0	0	0	123972	74515	773108	0	486546	433327	0	0	0	0	0
FFQ	80	0	0	0	883	0	0	0	0	10608	0	0	0	0	34051	0	0	0	0	0	0	0	0	0	0	0	0	76726	0	0	28719	0	38484	50380	0	78261	105674	0	0	1576214	0	0	0	0	0
FFQ	81	42	428	0	0	878	0	0	6430	0	0	0	29233	0	0	0	2724	0	725	0	1465	1100	0	44580	0	0	0	0	0	0	16199	0	70619	0	0	272014	0	816804	650745	0	0	86014	0	0	0
FFQ	82	3	0	0	0	24	129	1324	10399	0	0	0	0	0	34848	0	0	0	0	0	0	0	0	0	0	0	0	0	91792	0	16853	15290	0	0	0	0	0	34207	1795131	0	0	0	0	0	0
FFQ	83	19	0	0	0	0	1297	0	10708	0	0	0	0	0	35782	0	0	0	0	0	0	0	0	0	0	0	0	93844	0	0	0	0	0	0	0	71667	0	499838	893692	393153	0	0	0	0	0
FFQ	84	24	45	595	0	1248	0	10122	1450	0	0	0	0	34532	1918	0	1255	1293	927	0	1317	2701	638	0	71641	0	0	0	0	15372	0	0	0	129429	91862	0	244688	621825	389410	297169	0	80539	0	0	0
FFQ	85	0	0	46	59	332	0	1239	11538	479	0	0	0	0	36807	0	0	0	0	0	0	0	0	0	0	0	80660	0	0	0	0	0	20177	0	0	66081	154023	996865	631694	0	0	0	0	0	0
FFQ	86	0	914	452	0	0	788	0	11656	0	0	0	0	0	39121	0	576	2339	464	700	0	1437	0	0	1204	0	0	82491	0	0	0	30005	0	0	50750	75217	152937	0	1548949	0	0	0	0	0	0
FFQ	87	389	0	104	0	646	0	270	6548	0	0	0	27634	0	664	0	0	0	0	0	0	0	54095	0	0	0	0	0	0	0	0	60803	0	0	0	127079	453449	830395	437924	0	0	0	0	0	0
FFQ	88	98	0	0	0	652	0	0	6753	0	0	28398	0	0	0	0	0	0	0	0	0	55668	0	0	0	0	0	0	0	0	0	0	163893	0	0	0	547012	205020	764288	228218	0	0	0	0	0
FFQ	89	0	0	0	1045	0	0	0	6538	0	0	0	34015	0	0	0	0	0	0	0	0	0	0	50823	0	0	0	0	0	12264	21440	13719	0	0	0	0	15224	1844932	0	0	0	0	0	0	0
FFQ	90	0	0	0	1488	0	0	0	12375	0	0	0	0	0	40671	0	0	0	0	0	0	0	0	0	0	0	103059	0	0	0	0	0	0	0	0	79438	715111	882948	0	164910	0	0	0	0	0
FFQ	91	20	84	0	0	0	1011	0	13274	0	0	0	0	0	40990	0	519	0	0	0	0	0	0	0	0	0	0	88219	0	0	0	19926	0	0	71720	0	316880	523962	708731	214664	0	0	0	0	0
FFQ	92	12	0	361	0	1085	0	0	788	12908	0	0	0	0	42915	250	0	0	0	246	316	0	0	0	0	0	89402	0	17246	0	0	0	32589	40279	264615	49082	0	0	1388134	59772	0	0	0	0	0
FFQ	93	163	718	0	0	0	0	7329	0	0	0	0	30792	0	0	0	0	0	0	0	0	59331	0	0	0	0	0	0	0	0	0	0	0	49839	98396	121928	261966	556749	396184	416605	0	0	0	0	0
FFQ	94	241	2	284	1131	0	0	174	0	11010	566	0	32184	0	510	0	0	0	0	0	1295	0	0	75261	0	0	0	0	0	0	16195	0	47945	78420	36359	0	41125	66768	0	1590530	0	0	0	0	0
FFQ	95	0	0	0	0	1150	0	11320	0	0	0	0	0	33463	0	0	0	0	0	0	0	0	0	0	78543	0	0	0	0	0	0	0	81815	0	134656	0	394224	0	889551	375278	0	0	0	0	0
FFQ	96	85	1	0	0	131	0	7534	0	713	0	32249	421	0	0	0	0	0	0	0	0	0	62988	0	0	0	0	0	0	13985	127478	0	0	0	51405	0	337101	1365909	0	0	0	0	0	0	0
FFQ	97	111	0	0	0	737	0	7797	0	0	0	33017	0	0	0	0	0	0	0	0	0	63140	0	0	0	0	0	0	0	0	52388	0	77891	0	0	520760	0	322852	293575	627732	0	0	0	0	0
FFQ	98	4	0	0	24	220	1167	301	8033	661	0	0	0	38554	0	0	0	0	0	0	0	0	1570	56269	0	0	0	0	0	0	0	106665	0	22914	157740	0	536175	1069703	0	0	0	0	0	0	0
FFQ	99	0	0	0	1180	0	0	0	12115	0	0	0	0	42798	0	0	0	0	0	0	0	0	0	0	0	90343	0	0	0	0	0	0	72453	0	107635	317558	629691	265977	0	0	460250	0	0	0	0
FFQ	100	1671	36	0	105	0	756	9820	0	405	0	30845	1016	0	0	0	889	0	84874	0	2245	0	2961	1695	1192	2389	0	0	70869	19635	0	0	86019	0	140145	437000	273080	0	204282	0	628071	0	0	0	0
# Last Fragment Qualities. Use `grep ^LFQ | cut -f 2-` to extract this part.
# Columns correspond to qualities and rows to cycles. First column is the cycle number.
LFQ	1	1350	0	0	6	0	0	0	0	0	0	0	216	4272	0	0	0	0	0	0	1682	0	19271	0	78233	1894970	0	0	0	0	0	0	0	0	0	0	0	0	0	0	0	0	0	0	0
LFQ	2	208	27	0	26	248	0	0	0	0	0	687	0	991	0	0	2395	0	15807	0	4135	4839	0	3998	0	0	2465	0	4335	0	67772	0	388378	1382767	0	0	120922	0	0	0	0	0	0	0	0
LFQ	3	144	852	135	0	789	0	0	362	1499	435	0	6187	706	894	692	0	0	0	0	13039	19687	0	0	0	0	0	0	0	0	0	122119	117530	616182	792436	248500	57812	0	0	0	0	0	0	0	0
LFQ	4	107	20	64	517	0	304	0	0	705	0	8290	0	0	689	2737	0	0	1312	2362	6536	0	4612	41396	0	2699	1700	0	7901	5163	0	45859	0	0	640101	723392	359262	144272	0	0	0	0	0	0	0
LFQ	5	34	0	0	3	0	45	0	51	248	1028	6034	0	0	0	447	0	0	0	1299	774	5537	31908	3522	0	0	0	0	0	13306	20386	35279	0	0	0	0	0	1880099	0	0	0	0	0	0	0
LFQ	6	18	0	6	168	0	428	63	930	0	0	0	292	9308	0	0	526	1764	629	2113	333	1168	0	0	0	48261	0	0	0	0	0	40368	0	0	0	0	1893625	0	0	0	0	0	0	0	0
LFQ	7	0	65	0	0	405	0	0	765	0	750	0	7939	0	0	0	0	2937	0	0	0	0	0	35617	0	0	0	0	0	18716	0	0	46646	0	0	0	0	1554013	221988	110159	0	0	0	0	0
LFQ	8	2	47	164	0	305	0	0	0	798	0	596	8009	0	0	0	0	1737	0	451	2302	0	38640	1975	0	0	4376	0	0	0	7498	0	0	74439	53364	101366	425610	1169507	108814	0	0	0	0	0	0
LFQ	9	0	0	0	53	46	7	0	0	1111	0	0	9834	269	0	0	0	0	0	0	0	0	0	0	40906	0	0	0	23260	0	28180	0	0	0	238875	212843	0	0	1444616	0	0	0	0	0	0
LFQ	10	15	55	0	466	0	0	0	0	0	7346	0	0	1066	0	0	3587	0	0	0	1585	33165	2258	3118	3462	1861	0	3831	0	0	0	0	42514	0	94128	730944	0	1019631	50968	0	0	0	0	0	0
LFQ	11	0	0	6	0	0	43	0	943	0	6613	313	0	0	0	0	0	0	0	0	0	31422	0	0	0	0	0	0	0	0	0	42310	0	0	0	196494	230138	979655	337182	174881	0	0	0	0	0
LFQ	12	25	0	100	0	0	0	0	0	1852	0	0	0	0	16086	0	0	0	0	0	0	0	0	0	0	0	0	80983	0	12258	0	14905	0	0	0	0	0	0	1873791	0	0	0	0	0	0
LFQ	13	252	0	56	0	0	0	1110	0	0	0	7470	0	0	0	0	0	0	0	0	0	33141	0	0	0	0	0	0	0	0	0	0	0	44438	0	115920	338360	492213	0	967040	0	0	0	0	0
LFQ	14	154	0	67	0	0	0	0	1049	0	0	9670	0	0	0	0	0	0	0	0	0	0	38906	0	0	0	0	0	0	0	0	0	88157	38029	58512	290204	0	133210	384795	0	199438	757809	0	0	0
LFQ	15	0	61	22	532	0	105	2055	574	0	0	805	0	14157	2102	0	2524	811	4358	6183	2505	4042	0	1548	0	7985	62431	2413	0	0	8500	0	52162	0	104696	0	0	1353460	365969	0	0	0	0	0	0
LFQ	16	171	0	0	0	90	0	1371	0	0	0	8560	0	0	0	0	0	0	0	0	35651	0	0	0	0	0	0	0	0	0	0	46080	0	0	60049	0	323359	683204	0	513164	0	328301	0	0	0
LFQ	17	159	40	240	607	0	393	776	0	0	0	11446	0	0	697	3822	0	1988	1563	1710	23893	18765	7195	0	3303	0	2187	19393	8993	26654	37755	16224	0	32520	0	158171	62707	0	1558799	0	0	0	0	0	0
LFQ	18	192	0	0	0	0	83	1593	0	0	0	12003	0	0	0	0	0	0	0	0	0	0	42310	0	0	0	0	0	0	0	53395	0	0	0	0	277996	0	970127	489144	0	153157	0	0	0	0
LFQ	19	883	9	161	0	113	449	1764	0	0	9666	0	955	0	0	0	711	0	1221	900	5745	492	37403	0	0	13300	0	0	0	0	47468	0	0	61315	0	202028	448348	860683	0	0	306386	0	0	0	0
LFQ	20	308	0	0	0	0	121	0	1134	0	11104	0	0	0	0	0	0	0	0	0	26069	0	0	0	0	0	0	0	28763	0	32423	0	0	44844	101040	0	176174	1578020	0	0	0	0	0	0	0
LFQ	21	50	13	0	278	0	0	0	1997	0	520	13089	0	0	0	0	1306	713	0	1109	0	581	47836	1800	2793	0	0	18570	0	10929	0	22296	50598	0	25495	51491	0	1748536	0	0	0	0	0	0	0
LFQ	22	283	0	0	0	193	0	0	1292	0	12290	399	0	0	0	0	0	0	0	0	27004	1299	0	0	0	0	0	0	0	0	50380	0	0	0	0	75801	412969	0	363091	480612	436190	0	0	138197	0
LFQ	23	37	15	184	0	0	100	1355	0	0	0	12746	0	278	0	0	0	0	0	0	325	28752	659	0	4683	1345	0	2453	2786	0	39682	9793	0	0	0	78078	365799	51623	475780	923527	0	0	0	0	0
LFQ	24	10	93	482	0	884	285	0	3716	0	0	1024	18290	0	1327	0	5432	3137	5324	0	3183	3427	2826	6976	56538	3761	0	2728	0	22123	7207	0	60303	76468	13549	152046	190710	721831	636320	0	0	0	0	0	0
LFQ	25	37	15	0	95	0	200	0	2613	0	0	249	15590	0	0	266	127	0	995	0	331	0	48496	0	0	0	0	0	0	0	42848	0	0	0	47152	89433	427097	134756	349061	0	840639	0	0	0	0
LFQ	26	14	0	0	0	0	218	2955	0	0	13324	0	0	0	0	0	0	0	0	0	0	43969	0	0	0	0	0	0	0	0	0	39852	0	0	153383	343287	290890	0	370439	0	741669	0	0	0	0
LFQ	27	51	19	0	244	243	0	751	3436	0	93	16457	0	1693	0	0	0	820	0	1248	8202	3053	50702	0	0	5301	1408	0	11635	0	19553	15813	27013	0	49917	21456	21879	1702089	36924	0	0	0	0	0	0
LFQ	28	40	0	0	247	0	0	0	3443	0	0	17780	0	0	0	0	0	0	0	0	0	52032	0	0	0	0	0	0	0	0	49092	12024	0	42787	0	57909	59555	0	1705091	0	0	0	0	0	0
LFQ	29	754	56	47	459	458	2113	0	1723	0	15773	2389	0	0	2402	0	284	9374	1783	2634	31698	3040	0	740	10257	0	0	18477	0	0	43010	0	0	73505	17092	0	365686	1303505	92741	0	0	0	0	0	0
LFQ	30	514	0	0	0	490	95	0	4381	0	0	0	21773	0	0	0	0	0	424	370	0	2149	510	0	70445	0	0	0	0	0	0	0	75932	0	0	356395	321756	891506	0	253260	0	0	0	0	0
LFQ	31	556	0	0	0	311	0	0	4987	0	0	0	22528	0	0	0	0	0	0	0	0	0	0	0	62091	0	0	0	0	0	0	53178	0	0	106991	0	331364	0	1100058	0	0	0	317936	0	0
LFQ	32	84	20	169	333	523	0	4076	0	0	0	17364	0	0	0	1392	0	0	0	2033	5989	49728	0	0	0	12972	0	0	0	42854	0	0	0	0	46014	290517	198004	132965	0	338025	0	856938	0	0	0
LFQ	33	621	229	3761	0	529	2393	0	5206	683	0	798	24917	536	0	2669	0	3183	3594	5903	0	3486	2154	64922	2626	0	2629	0	0	0	37976	22757	0	51442	0	0	167829	164509	341203	0	1083445	0	0	0	0
LFQ	34	0	0	0	211	0	377	5889	0	662	0	0	23820	0	0	993	1688	0	0	2565	308	5204	5342	63067	1207	1603	0	0	0	0	0	98299	0	0	90581	218158	178650	0	365482	779081	156813	0	0	0	0
LFQ	35	204	0	0	0	369	0	4656	0	0	0	22071	0	0	0	0	0	0	0	0	0	0	58986	0	0	0	0	0	0	0	0	50404	54633	0	0	214346	207416	207039	343688	836188	0	0	0	0	0
LFQ	36	16	0	0	0	0	0	4936	437	0	19116	0	0	0	0	0	0	0	0	0	0	54842	0	0	0	0	0	0	0	62130	0	0	0	130606	0	164306	188354	0	1375257	0	0	0	0	0	0
LFQ	37	0	0	0	0	464	0	5129	0	0	0	23268	0	0	0	0	0	0	0	0	0	0	61805	0	0	0	0	0	0	0	0	0	0	185446	0	191470	419857	605240	507321	0	0	0	0	0	0
LFQ	38	171	0	0	485	0	0	5390	0	0	19803	0	0	0	0	0	0	0	0	0	0	57289	0	0	0	0	0	0	0	63915	0	0	0	0	239196	0	408834	378147	621261	0	0	205509	0	0	0
LFQ	39	12	0	0	475	0	0	6888	0	0	0	0	28320	0	0	0	0	0	0	0	0	0	0	0	70747	0	0	0	0	0	0	0	0	0	119082	0	60301	0	552638	1161537	0	0	0	0	0
LFQ	40	488	0	59	52	261	591	6260	0	0	395	23936	1077	0	209	413	647	2518	829	460	1866	0	62155	0	0	0	0	0	0	0	0	22955	36659	92879	0	193842	435241	135174	0	981034	0	0	0	0	0
LFQ	41	978	0	0	284	455	0	4205	0	0	23936	0	0	0	0	2173	294	190	863	644	41368	464	0	0	0	0	0	0	17581	40667	0	43970	58944	0	230960	0	201005	1174105	156914	0	0	0	0	0	0
LFQ	42	407	0	0	0	0	524	3897	0	0	24529	0	0	0	0	0	0	0	0	0	42975	0	0	0	0	0	0	0	0	0	70442	0	0	128900	0	0	591753	0	617323	519250	0	0	0	0	0
LFQ	43	0	0	0	0	0	542	6149	0	0	0	25327	0	0	0	0	0	0	0	0	0	0	61498	0	0	0	0	0	0	0	0	0	50546	98407	0	0	177316	121387	622137	419811	0	416880	0	0	0
LFQ	44	45	0	0	2	187	45	588	6199	0	0	21513	508	0	0	0	0	0	0	475	56666	0	1263	851	1052	0	0	0	0	0	20626	0	80253	0	49215	18425	0	174711	1533943	0	33433	0	0	0	0
LFQ	45	421	0	10	53	628	309	0	6354	0	619	26125	0	122	140	0	114	104	0	241	1125	3254	63829	0	0	0	0	0	0	0	66763	0	0	17425	16423	0	424121	175741	1196079	0	0	0	0	0	0
LFQ	46	191	0	0	0	677	0	6828	0	0	0	22558	0	0	0	0	0	0	0	0	59086	0	0	0	0	0	0	0	0	0	98200	0	0	0	294141	362376	0	0	1025543	130400	0	0	0	0	0
LFQ	47	125	0	0	500	0	0	4652	0	0	21768	0	0	0	0	0	0	0	46393	0	0	0	0	0	0	0	0	0	52638	0	0	0	0	65246	125777	0	439614	450758	313008	479521	0	0	0	0	0
LFQ	48	120	0	0	717	0	0	7180	0	0	0	28651	0	0	0	0	0	0	0	0	0	66131	0	0	0	0	0	0	0	0	38407	0	0	51531	0	432405	68377	214650	0	1091831	0	0	0	0	0
LFQ	49	0	0	0	5	692	59	7243	167	527	0	24259	93	0	0	144	0	417	221	616	60225	0	0	0	0	0	0	0	0	0	64022	0	99600	0	0	337920	339094	331946	434070	0	298680	0	0	0	0
LFQ	50	5	0	0	744	0	0	7685	0	0	0	29522	0	0	0	0	0	0	0	0	0	0	68417	0	0	0	0	0	0	0	0	0	72688	0	0	171038	294237	351773	418297	0	360075	225519	0	0	0
LFQ	51	84	0	0	0	0	720	8913	0	0	0	0	31805	0	0	0	0	0	0	0	0	0	0	0	70700	0	0	0	0	0	0	0	56709	0	0	108730	863897	600232	0	0	258210	0	0	0	0
LFQ	52	0	0	0	0	0	802	0	9124	0	0	0	32315	0	0	0	0	0	0	0	0	0	0	73546	0	0	0	0	0	0	0	0	0	41662	77154	0	249826	151342	267359	948910	147960	0	0	0	0
LFQ	53	127	0	0	0	164	0	7711	851	0	0	24586	528	0	0	0	0	0	0	0	60919	0	0	0	0	0	0	0	0	0	47638	0	0	0	91348	111460	22121	360345	618021	493107	161074	0	0	0	0
LFQ	54	65	37	0	1160	0	0	7893	0	0	1005	29723	0	0	0	2073	0	593	807	0	700	0	69625	1530	1232	0	0	0	0	0	69479	0	12050	0	111066	0	451830	0	724423	514709	0	0	0	0	0
LFQ	55	0	52	0	18	944	184	0	7828	427	433	29880	0	0	0	0	0	0	961	0	0	66279	0	0	0	0	0	0	0	23871	0	45590	38149	23539	0	96231	83035	188117	1394462	0	0	0	0	0	0
LFQ	56	446	0	0	0	823	0	0	8156	0	0	26115	0	0	0	0	0	0	0	0	63519	0	0	0	0	0	0	0	0	65719	0	0	0	79390	152154	0	0	777377	238706	349664	0	237931	0	0	0
LFQ	57	631	0	0	18	1015	0	0	5275	0	0	29401	0	643	0	0	0	0	0	45375	1659	0	0	0	0	0	0	0	0	0	68257	0	72364	0	0	431445	493221	850696	0	0	0	0	0	0	0
LFQ	58	869	0	0	0	869	0	8533	0	0	0	32593	0	0	0	0	0	0	0	0	0	0	71416	0	0	0	0	13183	14786	21201	33876	19186	23566	0	0	0	12238	0	1747684	0	0	0	0	0	0
LFQ	59	759	0	0	0	923	0	0	10777	0	0	0	36763	0	0	0	0	0	0	0	0	0	0	0	79183	0	0	0	0	0	0	0	62334	0	0	478359	514412	0	354494	461996	0	0	0	0	0
LFQ	60	179	6	63	0	911	0	5959	0	0	0	31262	615	0	0	0	0	524	0	478	48462	0	446	588	0	0	0	0	56901	0	0	68610	0	0	203783	18852	242379	334111	0	275148	710723	0	0	0	0
LFQ	61	0	0	292	0	1152	581	8691	0	0	0	31932	1057	0	0	0	0	1340	1876	4188	844	67868	1182	3603	5214	1643	0	0	0	0	0	59313	0	83516	0	0	559805	201252	687420	0	0	277231	0	0	0
LFQ	62	79	1	0	166	0	1238	8809	575	0	797	32051	0	0	0	0	1817	650	0	2128	0	66133	1952	1550	24036	0	0	0	13973	0	50254	0	72491	0	105501	0	0	516370	599257	0	500172	0	0	0	0
LFQ	63	112	0	0	0	0	991	0	9318	0	0	33047	0	0	0	0	0	0	0	0	0	0	68766	0	0	0	0	0	0	0	0	0	68839	108371	0	0	208753	929708	0	118565	453530	0	0	0	0
LFQ	64	55	0	0	101	976	0	0	9717	0	27961	0	0	0	0	993	0	744	250	239	64346	0	0	0	0	0	0	0	0	0	63185	0	0	20101	75620	143896	0	779321	175173	319368	0	317954	0	0	0
LFQ	65	1070	0	0	0	698	0	6646	0	0	27372	0	0	0	0	0	0	0	51920	0	0	0	0	0	0	0	0	54464	0	0	0	0	0	0	0	85270	0	891512	709486	0	0	171562	0	0	0
LFQ	66	225	2	0	0	1060	0	0	9885	0	0	34859	0	0	0	0	0	0	0	0	0	71892	0	0	0	0	0	0	0	0	0	71342	0	86074	0	0	0	591640	698480	196187	238354	0	0	0	0
LFQ	67	74	69	0	1018	0	476	9758	0	0	0	35591	0	0	0	0	0	0	0	0	0	71220	0	0	0	0	0	0	24557	0	0	0	38853	95917	60731	96834	22042	45745	0	1497115	0	0	0	0	0
LFQ	68	0	0	39	1146	398	0	6395	0	1087	33324	0	0	0	0	438	2540	0	667	49125	795	0	597	0	0	0	45752	0	0	39481	0	32526	0	0	231458	0	61538	0	1492694	0	0	0	0	0	0
LFQ	69	0	0	0	0	1163	0	10299	0	0	30614	0	0	0	0	0	0	0	0	0	68563	0	0	0	0	0	0	0	0	36684	0	67093	0	68165	90685	0	119258	429693	0	1077783	0	0	0	0	0
LFQ	70	0	0	0	0	1151	132	7036	0	0	0	34560	0	744	0	0	0	0	0	49047	0	0	0	0	0	0	0	0	0	78928	0	30386	69243	56844	0	57387	0	47627	1566915	0	0	0	0	0	0
LFQ	71	354	1	0	1170	0	0	0	10939	0	31533	0	0	0	0	0	0	0	0	0	70691	0	0	0	0	0	0	0	52201	0	0	0	0	230834	0	108160	293461	346232	0	0	854424	0	0	0	0
LFQ	72	40	0	0	107	1174	642	10560	239	0	31405	693	0	0	0	0	743	0	541	70003	365	3084	1243	3570	2136	2881	1609	0	0	37089	0	22281	0	60430	16825	313646	262592	0	1156102	0	0	0	0	0	0
LFQ	73	2	0	0	1132	0	0	7471	0	0	37058	0	0	0	0	0	0	0	0	52150	0	0	0	0	0	0	0	0	0	74613	0	0	100900	0	0	0	190444	899007	423846	0	213377	0	0	0	0
LFQ	74	590	0	94	720	1172	0	0	11215	0	1194	38736	0	0	0	0	3110	0	0	0	3914	78094	2544	0	1334	1437	0	0	9596	0	0	0	76455	0	119761	216902	775969	657163	0	0	0	0	0	0	0
LFQ	75	121	0	0	1226	0	0	11774	0	0	0	33886	0	0	0	0	0	0	0	0	74704	0	0	0	0	0	0	0	25066	0	35657	29919	0	0	215552	0	55823	0	0	1516272	0	0	0	0	0
LFQ	76	54	1	0	0	1260	0	7722	0	0	38480	0	0	0	0	0	0	0	0	53743	0	0	0	0	0	0	0	0	76754	0	0	0	0	78113	0	147444	0	501811	317269	777349	0	0	0	0	0
LFQ	77	543	91	0	1386	1232	0	1474	12824	0	34027	0	2321	325	3272	0	463	3175	805	3754	74263	2434	0	16858	0	0	0	5500	71419	0	0	0	0	0	0	174138	0	446876	339574	414860	388386	0	0	0	0
LFQ	78	15	0	0	0	1361	0	0	12162	0	0	41518	0	0	0	0	0	0	0	0	0	82837	0	0	0	0	0	0	0	0	0	61414	0	0	114635	137069	322358	255272	702969	0	268390	0	0	0	0
LFQ	79	88	1	0	0	1303	0	0	12295	0	0	42250	0	0	0	0	0	0	0	0	0	83402	0	0	0	0	0	0	0	0	0	81354	0	0	125893	0	230908	380310	199201	326746	424334	91915	0	0	0
LFQ	80	0	1	0	0	0	1303	8069	0	0	41064	0	0	0	0	0	0	0	0	56100	0	0	0	0	0	0	0	0	79487	0	0	0	0	106394	0	426546	0	718135	0	423695	0	0	0	139206	0
LFQ	81	67	0	0	581	956	0	8589	0	1115	35025	0	0	0	2071	0	235	430	62917	291	1057	471	0	0	0	0	0	63514	0	0	0	16617	0	0	257088	290015	673023	0	0	497385	88553	0	0	0	0
LFQ	82	205	0	0	887	120	0	8795	508	0	35349	0	0	0	0	0	1030	0	62805	334	828	985	684	1722	0	0	0	63449	0	0	0	0	0	0	97869	171108	0	658951	761245	0	0	0	133126	0	0
LFQ	83	34	0	0	0	1535	0	0	13683	0	37863	0	904	0	0	0	0	0	0	80089	387	485	708	3432	1122	0	0	0	0	76680	0	0	0	90688	16542	0	512249	389481	448875	325243	0	0	0	0	0
LFQ	84	498	0	0	0	1166	0	8912	0	0	36316	686	0	0	0	1257	192	0	65142	729	776	480	620	0	0	0	22932	0	0	0	42251	65275	0	34653	0	157636	102394	1458085	0	0	0	0	0	0	0
LFQ	85	594	1	62	0	1420	0	9217	0	0	0	44863	0	126	250	0	331	151	0	59297	0	0	0	0	0	0	0	0	0	66128	0	0	56227	0	0	145491	319260	307479	0	989103	0	0	0	0	0
LFQ	86	126	1	0	15	1447	91	8942	1083	0	44487	0	0	0	1040	840	0	0	0	59715	0	0	0	0	0	0	0	0	0	83879	0	0	0	288565	0	0	0	563332	713159	0	0	0	233278	0	0
LFQ	87	761	0	0	0	1567	0	9242	0	0	46082	0	0	0	0	0	0	0	0	0	61876	0	0	0	0	0	0	0	0	86478	0	0	0	144891	0	0	0	1113950	535153	0	0	0	0	0	0
LFQ	88	19	9	0	35	1722	367	9364	0	1274	708	44260	0	122	0	124	339	1703	221	60419	121	0	0	0	0	0	66647	0	0	0	20618	0	0	103013	0	172174	646288	0	437853	432600	0	0	0	0	0
LFQ	89	168	0	0	0	1552	0	0	14726	0	0	42361	0	0	0	0	0	0	0	0	88561	0	0	0	0	0	0	0	0	0	83255	0	0	0	129058	0	227486	605394	0	366983	320964	0	119492	0	0
LFQ	90	123	84	373	2199	0	0	9529	765	1436	46944	0	1370	0	0	0	3422	0	843	1456	65510	2589	5172	827	2452	1514	1911	2310	69892	0	8057	9554	0	0	81539	116106	0	315508	746659	0	501856	0	0	0	0
LFQ	91	100	0	0	0	1726	164	9545	540	551	47770	0	0	1040	245	1145	184	0	650	63961	0	412	0	0	0	0	0	0	88231	0	0	0	0	18793	0	201826	388920	0	392874	667803	0	0	113520	0	0
LFQ	92	81	0	164	0	1586	10	15389	451	0	43424	0	0	909	0	0	0	0	0	0	90742	0	0	0	0	0	0	0	0	64932	0	0	0	120517	0	0	733024	256920	392832	279019	0	0	0	0	0
LFQ	93	68	56	0	0	2184	0	0	16986	0	0	43770	0	2886	0	0	0	1666	0	0	96110	5180	1576	3536	2103	0	0	14317	0	35733	0	16870	40547	0	0	0	0	1716412	0	0	0	0	0	0	0
LFQ	94	11	0	0	1648	0	126	319	15930	0	0	45364	0	0	0	0	0	0	198	0	92921	1748	416	0	0	784	0	0	47626	0	0	86031	0	0	87283	129295	0	219389	145356	246423	879132	0	0	0	0
LFQ	95	163	19	0	1053	326	0	11315	0	0	43357	0	0	0	0	1108	0	292	0	74855	1616	2123	2442	730	1821	1056	0	0	0	56806	0	102256	0	0	134661	17909	528271	0	371470	0	244066	402285	0	0	0
LFQ	96	105	1	0	0	0	1605	10510	0	0	0	52601	0	0	0	0	0	0	0	0	69251	0	0	0	0	0	0	0	76198	0	0	0	88607	0	0	376204	529617	315334	0	479967	0	0	0	0	0
LFQ	97	172	0	0	0	1655	0	10703	0	0	0	53126	0	0	0	0	0	0	0	0	70219	0	0	0	0	0	0	0	0	97102	0	0	0	0	127959	197324	1018213	0	354782	68745	0	0	0	0	0
LFQ	98	607	11	0	1671	0	114	0	11165	0	0	53515	0	0	0	209	0	1433	0	216	69593	0	0	0	0	0	0	0	0	95706	0	0	0	0	0	126749	18858	862179	757974	0	0	0	0	0	0
LFQ	99	461	1	0	0	0	1897	856	10648	0	0	799	52941	0	991	0	0	0	0	0	1820	70144	643	2186	1932	1403	1745	0	0	0	76144	0	135595	14435	0	63703	879908	0	0	0	681748	0	0	0	0
LFQ	100	703	0	0	153	99	180	1485	13697	573	0	61657	0	0	0	1397	1319	880	797	1070	116412	813	0	0	0	0	0	0	0	119874	18500	0	0	142592	0	18643	510285	239818	749053	0	0	0	0	0	0
# GC Content of first fragments. Use `grep ^GCF | cut -f 2-` to extract this part.
GCF	0.25	697
GCF	1.01	1101
GCF	2.01	1893
GCF	3.02	3219
GCF	4.02	4832
GCF	5.03	7110
GCF	6.03	10145
GCF	7.04	14160
GCF	8.04	19170
GCF	9.05	24627
GCF	10.05	31106
GCF	11.06	39011
GCF	12.06	46780
GCF	13.07	55293
GCF	14.07	64350
GCF	15.08	73128
GCF	16.08	81902
GCF	17.09	88706
GCF	18.09	94332
GCF	19.10	98415
GCF	20.10	99730
GCF	21.11	99555
GCF	22.11	97667
GCF	23.12	92686
GCF	24.12	87470
GCF	25.13	80204
GCF	26.13	73328
GCF	27.14	64983
GCF	28.14	57720
GCF	29.15	51674
GCF	30.15	46327
GCF	31.16	40909
GCF	32.16	36633
GCF	33.17	31126
GCF	34.17	25807
GCF	35.18	20495
GCF	36.18	15804
GCF	37.19	12462
GCF	38.19	9606
GCF	39.20	7545
GCF	40.20	6199
GCF	41.21	5183
GCF	42.21	4573
GCF	43.22	4004
GCF	44.22	3727
GCF	45.23	3248
GCF	46.23	3147
GCF	47.24	3399
GCF	48.24	3248
GCF	49.25	3319
GCF	50.25	3386
GCF	51.26	3691
GCF	52.26	4064
GCF	53.27	4767
GCF	54.27	5470
GCF	55.28	6264
GCF	56.28	7252
GCF	57.29	8166
GCF	58.29	9284
GCF	59.30	10067
GCF	60.30	10596
GCF	61.31	10844
GCF	62.31	10635
GCF	63.32	10124
GCF	64.32	9256
GCF	65.33	8029
GCF	66.33	7018
GCF	67.34	5432
GCF	68.34	4342
GCF	69.35	3258
GCF	70.35	2314
GCF	71.36	1543
GCF	72.36	1027
GCF	73.37	599
GCF	74.37	352
GCF	75.38	176
GCF	76.38	113
GCF	77.39	76
GCF	78.39	37
GCF	79.40	19
GCF	80.40	17
GCF	81.41	5
GCF	82.41	11
GCF	83.42	4
GCF	84.42	3
GCF	85.43	1
GCF	86.43	2
GCF	87.44	1
# GC Content of last fragments. Use `grep ^GCL | cut -f 2-` to extract this part.
GCL	0.25	812
GCL	1.01	1318
GCL	2.01	2248
GCL	3.02	3411
GCL	4.02	5081
GCL	5.03	7477
GCL	6.03	9990
GCL	7.04	13779
GCL	8.04	18240
GCL	9.05	23889
GCL	10.05	30290
GCL	11.06	37224
GCL	12.06	45402
GCL	13.07	54246
GCL	14.07	63217
GCL	15.08	71933
GCL	16.08	81334
GCL	17.09	88390
GCL	18.09	93966
GCL	19.10	97894
GCL	20.10	100478
GCL	21.11	100225
GCL	22.11	98630
GCL	23.12	94177
GCL	24.12	87958
GCL	25.13	81002
GCL	26.13	73103
GCL	27.14	65712
GCL	28.14	58562
GCL	29.15	52171
GCL	30.15	46645
GCL	31.16	41216
GCL	32.16	36652
GCL	33.17	31621
GCL	34.17	25876
GCL	35.18	20663
GCL	36.18	16271
GCL	37.19	12448
GCL	38.19	9819
GCL	39.20	7771
GCL	40.20	6248
GCL	41.21	5226
GCL	42.21	4614
GCL	43.22	4104
GCL	44.22	3674
GCL	45.23	3265
GCL	46.23	3144
GCL	47.24	3306
GCL	48.24	3287
GCL	49.25	3345
GCL	50.25	3423
GCL	51.26	3732
GCL	52.26	4115
GCL	53.27	4638
GCL	54.27	5531
GCL	55.28	6385
GCL	56.28	7195
GCL	57.29	8379
GCL	58.29	9187
GCL	59.30	9864
GCL	60.30	10503
GCL	61.31	10579
GCL	62.31	10553
GCL	63.32	10143
GCL	64.32	9276
GCL	65.33	8058
GCL	66.33	7158
GCL	67.34	5546
GCL	68.34	4294
GCL	69.35	3316
GCL	70.35	2277
GCL	71.36	1667
GCL	72.36	1089
GCL	73.37	650
GCL	74.37	424
GCL	75.38	245
GCL	76.38	134
GCL	77.39	70
GCL	78.39	46
GCL	79.40	41
GCL	80.40	17
GCL	81.41	18
GCL	82.41	16
GCL	83.42	10
GCL	84.42	15
GCL	85.43	7
GCL	86.43	8
GCL	87.44	6
GCL	88.44	9
GCL	89.45	5
GCL	90.45	0
GCL	91.46	3
GCL	92.46	5
GCL	93.47	3
GCL	94.97	1
GCL	96.48	2
GCL	97.49	1
GCL	98.49	0
GCL	99.50	1
# ACGT content per cycle. Use `grep ^GCC | cut -f 2-` to extract this part. The columns are: cycle; A,C,G,T base counts as a percentage of all A/C/G/T bases [%]; and N and O counts as a percentage of all A/C/G/T bases [%]
GCC	1	37.71	12.52	12.80	36.97	0.06	0.00
GCC	2	38.98	10.92	11.50	38.59	0.01	0.00
GCC	3	38.22	11.80	11.70	38.28	0.01	0.00
GCC	4	37.80	12.11	12.29	37.80	0.02	0.00
GCC	5	37.95	11.96	12.18	37.91	0.01	0.00
GCC	6	37.57	12.42	12.45	37.56	0.00	0.00
GCC	7	37.87	12.02	12.26	37.85	0.00	0.00
GCC	8	38.12	11.86	11.89	38.13	0.00	0.00
GCC	9	37.83	12.06	12.13	37.97	0.00	0.00
GCC	10	38.02	11.91	12.08	37.99	0.00	0.00
GCC	11	38.15	11.79	11.96	38.09	0.00	0.00
GCC	12	38.00	12.01	12.06	37.93	0.00	0.00
GCC	13	38.03	11.90	12.06	38.01	0.01	0.00
GCC	14	38.14	11.83	11.97	38.05	0.00	0.00
GCC	15	37.95	12.04	12.10	37.91	0.00	0.00
GCC	16	37.96	11.98	12.16	37.90	0.00	0.00
GCC	17	38.01	11.93	12.04	38.02	0.00	0.00
GCC	18	37.85	12.12	12.22	37.81	0.00	0.00
GCC	19	37.85	12.09	12.28	37.78	0.02	0.00
GCC	20	37.90	12.02	12.17	37.91	0.01	0.00
GCC	21	37.69	12.19	12.32	37.80	0.00	0.00
GCC	22	37.76	12.21	12.40	37.63	0.01	0.00
GCC	23	37.89	12.07	12.25	37.79	0.00	0.00
GCC	24	37.67	12.28	12.41	37.64	0.00	0.00
GCC	25	37.77	12.23	12.36	37.64	0.00	0.00
GCC	26	37.91	12.11	12.23	37.75	0.00	0.00
GCC	27	37.62	12.33	12.43	37.61	0.00	0.00
GCC	28	37.67	12.31	12.42	37.60	0.00	0.00
GCC	29	37.80	12.18	12.33	37.69	0.02	0.00
GCC	30	37.62	12.34	12.47	37.57	0.01	0.00
GCC	31	37.69	12.31	12.45	37.55	0.01	0.00
GCC	32	37.77	12.20	12.35	37.69	0.00	0.00
GCC	33	37.61	12.39	12.46	37.55	0.02	0.00
GCC	34	37.64	12.32	12.48	37.56	0.01	0.00
GCC	35	37.73	12.20	12.34	37.73	0.01	0.00
GCC	36	37.59	12.38	12.49	37.54	0.00	0.00
GCC	37	37.65	12.31	12.46	37.58	0.00	0.00
GCC	38	37.76	12.20	12.34	37.70	0.01	0.00
GCC	39	37.60	12.39	12.44	37.57	0.00	0.00
GCC	40	37.65	12.34	12.50	37.52	0.01	0.00
GCC	41	37.76	12.22	12.38	37.65	0.02	0.00
GCC	42	37.61	12.39	12.45	37.55	0.01	0.00
GCC	43	37.63	12.32	12.45	37.60	0.00	0.00
GCC	44	37.73	12.21	12.39	37.67	0.01	0.00
GCC	45	37.58	12.39	12.51	37.51	0.01	0.00
GCC	46	37.62	12.36	12.46	37.56	0.00	0.00
GCC	47	37.70	12.21	12.38	37.72	0.00	0.00
GCC	48	37.53	12.41	12.48	37.57	0.00	0.00
GCC	49	37.62	12.36	12.51	37.52	0.00	0.00
GCC	50	37.77	12.22	12.37	37.64	0.01	0.00
GCC	51	37.55	12.39	12.49	37.57	0.00	0.00
GCC	52	37.59	12.37	12.50	37.54	0.00	0.00
GCC	53	37.71	12.26	12.35	37.68	0.00	0.00
GCC	54	37.53	12.43	12.49	37.55	0.00	0.00
GCC	55	37.64	12.31	12.50	37.56	0.00	0.00
GCC	56	37.70	12.25	12.34	37.72	0.01	0.00
GCC	57	37.55	12.40	12.51	37.54	0.02	0.00
GCC	58	37.61	12.33	12.48	37.59	0.02	0.00
GCC	59	37.70	12.22	12.40	37.68	0.02	0.00
GCC	60	37.51	12.40	12.51	37.58	0.00	0.00
GCC	61	37.61	12.36	12.50	37.53	0.00	0.00
GCC	62	37.75	12.20	12.36	37.68	0.00	0.00
GCC	63	37.57	12.40	12.47	37.56	0.00	0.00
GCC	64	37.65	12.34	12.47	37.54	0.00	0.00
GCC	65	37.72	12.22	12.31	37.75	0.03	0.00
GCC	66	37.55	12.40	12.47	37.58	0.01	0.00
GCC	67	37.64	12.35	12.46	37.55	0.01	0.00
GCC	68	37.67	12.26	12.37	37.70	0.00	0.00
GCC	69	37.53	12.43	12.51	37.54	0.00	0.00
GCC	70	37.59	12.37	12.50	37.54	0.00	0.00
GCC	71	37.70	12.26	12.35	37.69	0.01	0.00
GCC	72	37.56	12.41	12.48	37.54	0.00	0.00
GCC	73	37.58	12.32	12.51	37.60	0.00	0.00
GCC	74	37.72	12.24	12.37	37.67	0.02	0.00
GCC	75	37.57	12.37	12.48	37.57	0.01	0.00
GCC	76	37.64	12.31	12.46	37.59	0.00	0.00
GCC	77	37.72	12.23	12.39	37.66	0.01	0.00
GCC	78	37.52	12.40	12.49	37.60	0.00	0.00
GCC	79	37.66	12.36	12.44	37.55	0.00	0.00
GCC	80	37.73	12.22	12.37	37.68	0.00	0.00
GCC	81	37.53	12.37	12.49	37.61	0.00	0.00
GCC	82	37.61	12.32	12.47	37.59	0.01	0.00
GCC	83	37.73	12.22	12.38	37.68	0.00	0.00
GCC	84	37.57	12.40	12.49	37.54	0.01	0.00
GCC	85	37.64	12.31	12.48	37.57	0.01	0.00
GCC	86	37.72	12.23	12.35	37.70	0.00	0.00
GCC	87	37.58	12.38	12.47	37.56	0.03	0.00
GCC	88	37.69	12.27	12.46	37.58	0.00	0.00
GCC	89	37.72	12.23	12.35	37.70	0.00	0.00
GCC	90	37.54	12.40	12.51	37.55	0.00	0.00
GCC	91	37.61	12.32	12.49	37.59	0.00	0.00
GCC	92	37.72	12.22	12.35	37.70	0.00	0.00
GCC	93	37.55	12.37	12.47	37.62	0.01	0.00
GCC	94	37.62	12.31	12.47	37.60	0.01	0.00
GCC	95	37.75	12.22	12.31	37.72	0.00	0.00
GCC	96	37.60	12.37	12.46	37.57	0.00	0.00
GCC	97	37.62	12.29	12.45	37.64	0.01	0.00
GCC	98	37.74	12.18	12.34	37.75	0.02	0.00
GCC	99	37.60	12.37	12.43	37.60	0.01	0.00
GCC	100	37.64	12.32	12.44	37.60	0.06	0.00
# ACGT content per cycle for first fragments. Use `grep ^FBC | cut -f 2-` to extract this part. The columns are: cycle; A,C,G,T base counts as a percentage of all A/C/G/T bases [%]; and N and O counts as a percentage of all A/C/G/T bases [%]
FBC	1	37.57	12.65	12.96	36.82	0.05	0.00
FBC	2	38.89	10.95	11.50	38.66	0.00	0.00
FBC	3	38.25	11.69	11.60	38.46	0.02	0.00
FBC	4	37.95	11.96	12.13	37.96	0.04	0.00
FBC	5	38.00	11.87	12.12	38.00	0.02	0.00
FBC	6	37.69	12.28	12.35	37.68	0.00	0.00
FBC	7	37.98	11.95	12.12	37.95	0.00	0.00
FBC	8	38.17	11.85	11.82	38.16	0.00	0.00
FBC	9	37.83	12.03	12.10	38.04	0.00	0.00
FBC	10	38.14	11.86	12.01	37.99	0.00	0.00
FBC	11	38.14	11.80	11.94	38.12	0.00	0.00
FBC	12	37.98	12.00	12.07	37.95	0.00	0.00
FBC	13	38.01	11.93	12.10	37.96	0.00	0.00
FBC	14	38.16	11.83	12.00	38.01	0.00	0.00
FBC	15	37.93	12.01	12.10	37.97	0.00	0.00
FBC	16	37.99	11.96	12.14	37.91	0.00	0.00
FBC	17	37.98	11.94	12.05	38.02	0.00	0.00
FBC	18	37.84	12.11	12.21	37.84	0.00	0.00
FBC	19	37.87	12.09	12.25	37.79	0.00	0.00
FBC	20	37.85	12.05	12.18	37.92	0.00	0.00
FBC	21	37.71	12.19	12.28	37.82	0.00	0.00
FBC	22	37.79	12.20	12.38	37.64	0.00	0.00
FBC	23	37.92	12.06	12.23	37.79	0.00	0.00
FBC	24	37.71	12.19	12.39	37.72	0.01	0.00
FBC	25	37.80	12.17	12.33	37.70	0.00	0.00
FBC	26	37.96	12.10	12.20	37.75	0.01	0.00
FBC	27	37.63	12.30	12.41	37.66	0.00	0.00
FBC	28	37.68	12.30	12.38	37.64	0.00	0.00
FBC	29	37.83	12.15	12.32	37.70	0.00	0.00
FBC	30	37.64	12.33	12.44	37.58	0.00	0.00
FBC	31	37.74	12.28	12.39	37.59	0.00	0.00
FBC	32	37.77	12.19	12.33	37.70	0.00	0.00
FBC	33	37.63	12.31	12.43	37.63	0.01	0.00
FBC	34	37.65	12.30	12.46	37.59	0.01	0.00
FBC	35	37.74	12.20	12.31	37.74	0.00	0.00
FBC	36	37.59	12.35	12.47	37.59	0.00	0.00
FBC	37	37.65	12.28	12.42	37.65	0.00	0.00
FBC	38	37.74	12.16	12.36	37.74	0.00	0.00
FBC	39	37.59	12.36	12.40	37.65	0.00	0.00
FBC	40	37.69	12.29	12.44	37.59	0.00	0.00
FBC	41	37.75	12.22	12.35	37.68	0.00	0.00
FBC	42	37.65	12.35	12.43	37.58	0.00	0.00
FBC	43	37.67	12.29	12.41	37.62	0.01	0.00
FBC	44	37.76	12.19	12.36	37.69	0.02	0.00
FBC	45	37.56	12.37	12.50	37.57	0.00	0.00
FBC	46	37.62	12.34	12.45	37.59	0.00	0.00
FBC	47	37.75	12.21	12.32	37.72	0.00	0.00
FBC	48	37.54	12.40	12.44	37.62	0.00	0.00
FBC	49	37.63	12.30	12.49	37.58	0.00	0.00
FBC	50	37.82	12.18	12.35	37.65	0.01	0.00
FBC	51	37.55	12.37	12.48	37.60	0.00	0.00
FBC	52	37.59	12.35	12.47	37.59	0.01	0.00
FBC	53	37.75	12.24	12.34	37.67	0.00	0.00
FBC	54	37.53	12.40	12.48	37.59	0.00	0.00
FBC	55	37.64	12.28	12.46	37.61	0.00	0.00
FBC	56	37.71	12.22	12.33	37.74	0.00	0.00
FBC	57	37.60	12.38	12.48	37.55	0.00	0.00
FBC	58	37.62	12.33	12.46	37.59	0.00	0.00
FBC	59	37.70	12.22	12.40	37.67	0.00	0.00
FBC	60	37.51	12.40	12.49	37.60	0.00	0.00
FBC	61	37.66	12.34	12.50	37.51	0.00	0.00
FBC	62	37.75	12.19	12.36	37.70	0.00	0.00
FBC	63	37.57	12.40	12.44	37.59	0.00	0.00
FBC	64	37.64	12.33	12.46	37.57	0.00	0.00
FBC	65	37.71	12.21	12.32	37.76	0.00	0.00
FBC	66	37.51	12.38	12.48	37.63	0.00	0.00
FBC	67	37.66	12.33	12.45	37.55	0.01	0.00
FBC	68	37.65	12.24	12.36	37.75	0.01	0.00
FBC	69	37.51	12.47	12.49	37.53	0.00	0.00
FBC	70	37.56	12.39	12.49	37.57	0.00	0.00
FBC	71	37.71	12.24	12.36	37.69	0.00	0.00
FBC	72	37.57	12.37	12.48	37.58	0.01	0.00
FBC	73	37.58	12.32	12.52	37.59	0.01	0.00
FBC	74	37.72	12.23	12.34	37.71	0.00	0.00
FBC	75	37.57	12.34	12.50	37.58	0.00	0.00
FBC	76	37.63	12.30	12.47	37.60	0.00	0.00
FBC	77	37.72	12.21	12.39	37.68	0.00	0.00
FBC	78	37.50	12.41	12.50	37.60	0.00	0.00
FBC	79	37.67	12.34	12.41	37.58	0.00	0.00
FBC	80	37.71	12.21	12.36	37.71	0.00	0.00
FBC	81	37.53	12.36	12.45	37.66	0.00	0.00
FBC	82	37.61	12.32	12.46	37.61	0.00	0.00
FBC	83	37.74	12.19	12.35	37.72	0.00	0.00
FBC	84	37.57	12.40	12.52	37.52	0.00	0.00
FBC	85	37.62	12.33	12.46	37.59	0.00	0.00
FBC	86	37.80	12.25	12.29	37.66	0.00	0.00
FBC	87	37.59	12.37	12.45	37.59	0.02	0.00
FBC	88	37.69	12.26	12.44	37.61	0.00	0.00
FBC	89	37.72	12.25	12.32	37.71	0.00	0.00
FBC	90	37.53	12.37	12.51	37.58	0.00	0.00
FBC	91	37.62	12.29	12.46	37.63	0.00	0.00
FBC	92	37.72	12.22	12.35	37.71	0.00	0.00
FBC	93	37.51	12.38	12.44	37.66	0.01	0.00
FBC	94	37.64	12.31	12.44	37.61	0.01	0.00
FBC	95	37.74	12.22	12.30	37.74	0.00	0.00
FBC	96	37.58	12.37	12.46	37.58	0.00	0.00
FBC	97	37.58	12.29	12.44	37.69	0.01	0.00
FBC	98	37.74	12.16	12.34	37.75	0.00	0.00
FBC	99	37.58	12.35	12.42	37.65	0.00	0.00
FBC	100	37.67	12.27	12.40	37.65	0.08	0.00
# ACGT raw counters for first fragments. Use `grep ^FTC | cut -f 2-` to extract this part. The columns are: A,C,G,T,N base counters
FTC	75456812	24435727	24690579	75408124	8758
# ACGT content per cycle for last fragments. Use `grep ^LBC | cut -f 2-` to extract this part. The columns are: cycle; A,C,G,T base counts as a percentage of all A/C/G/T bases [%]; and N and O counts as a percentage of all A/C/G/T bases [%]
LBC	1	37.85	12.40	12.63	37.12	0.07	0.00
LBC	2	39.08	10.90	11.51	38.52	0.01	0.00
LBC	3	38.18	11.90	11.81	38.11	0.01	0.00
LBC	4	37.64	12.27	12.46	37.64	0.01	0.00
LBC	5	37.91	12.05	12.23	37.81	0.00	0.00
LBC	6	37.45	12.55	12.55	37.45	0.00	0.00
LBC	7	37.76	12.09	12.40	37.76	0.00	0.00
LBC	8	38.07	11.88	11.95	38.10	0.00	0.00
LBC	9	37.84	12.08	12.17	37.91	0.00	0.00
LBC	10	37.91	11.96	12.15	37.99	0.00	0.00
LBC	11	38.16	11.79	11.98	38.07	0.00	0.00
LBC	12	38.02	12.01	12.06	37.91	0.00	0.00
LBC	13	38.05	11.87	12.03	38.05	0.01	0.00
LBC	14	38.13	11.83	11.95	38.10	0.01	0.00
LBC	15	37.98	12.07	12.11	37.84	0.00	0.00
LBC	16	37.94	12.00	12.18	37.88	0.01	0.00
LBC	17	38.03	11.91	12.03	38.02	0.01	0.00
LBC	18	37.86	12.13	12.23	37.78	0.01	0.00
LBC	19	37.84	12.10	12.30	37.77	0.04	0.00
LBC	20	37.95	11.99	12.16	37.90	0.02	0.00
LBC	21	37.68	12.20	12.35	37.77	0.00	0.00
LBC	22	37.73	12.23	12.41	37.62	0.01	0.00
LBC	23	37.85	12.09	12.27	37.79	0.00	0.00
LBC	24	37.62	12.38	12.43	37.57	0.00	0.00
LBC	25	37.73	12.29	12.40	37.58	0.00	0.00
LBC	26	37.87	12.13	12.26	37.74	0.00	0.00
LBC	27	37.61	12.37	12.46	37.57	0.00	0.00
LBC	28	37.65	12.33	12.47	37.55	0.00	0.00
LBC	29	37.77	12.21	12.34	37.68	0.04	0.00
LBC	30	37.60	12.36	12.49	37.55	0.03	0.00
LBC	31	37.65	12.34	12.50	37.51	0.03	0.00
LBC	32	37.76	12.21	12.36	37.67	0.00	0.00
LBC	33	37.58	12.47	12.48	37.47	0.03	0.00
LBC	34	37.64	12.33	12.49	37.53	0.00	0.00
LBC	35	37.72	12.21	12.36	37.71	0.01	0.00
LBC	36	37.58	12.41	12.51	37.50	0.00	0.00
LBC	37	37.64	12.34	12.51	37.51	0.00	0.00
LBC	38	37.79	12.23	12.33	37.65	0.01	0.00
LBC	39	37.62	12.42	12.48	37.48	0.00	0.00
LBC	40	37.61	12.38	12.55	37.46	0.02	0.00
LBC	41	37.76	12.23	12.40	37.61	0.05	0.00
LBC	42	37.58	12.43	12.48	37.52	0.02	0.00
LBC	43	37.59	12.34	12.50	37.57	0.00	0.00
LBC	44	37.69	12.23	12.42	37.66	0.00	0.00
LBC	45	37.61	12.41	12.53	37.46	0.02	0.00
LBC	46	37.62	12.38	12.47	37.53	0.01	0.00
LBC	47	37.64	12.22	12.43	37.71	0.01	0.00
LBC	48	37.52	12.43	12.53	37.52	0.01	0.00
LBC	49	37.61	12.41	12.53	37.46	0.00	0.00
LBC	50	37.72	12.25	12.39	37.63	0.00	0.00
LBC	51	37.55	12.40	12.51	37.54	0.00	0.00
LBC	52	37.59	12.39	12.52	37.49	0.00	0.00
LBC	53	37.66	12.28	12.37	37.69	0.01	0.00
LBC	54	37.53	12.46	12.50	37.51	0.00	0.00
LBC	55	37.63	12.34	12.53	37.50	0.00	0.00
LBC	56	37.68	12.27	12.35	37.70	0.02	0.00
LBC	57	37.50	12.42	12.54	37.54	0.03	0.00
LBC	58	37.60	12.33	12.50	37.58	0.04	0.00
LBC	59	37.70	12.22	12.40	37.69	0.04	0.00
LBC	60	37.51	12.41	12.53	37.56	0.01	0.00
LBC	61	37.56	12.39	12.51	37.54	0.00	0.00
LBC	62	37.76	12.21	12.37	37.66	0.00	0.00
LBC	63	37.56	12.40	12.50	37.54	0.01	0.00
LBC	64	37.65	12.35	12.49	37.51	0.00	0.00
LBC	65	37.72	12.23	12.31	37.74	0.05	0.00
LBC	66	37.59	12.41	12.47	37.54	0.01	0.00
LBC	67	37.62	12.36	12.46	37.56	0.00	0.00
LBC	68	37.70	12.27	12.38	37.65	0.00	0.00
LBC	69	37.54	12.39	12.53	37.54	0.00	0.00
LBC	70	37.62	12.34	12.52	37.52	0.00	0.00
LBC	71	37.69	12.28	12.34	37.69	0.02	0.00
LBC	72	37.55	12.46	12.49	37.50	0.00	0.00
LBC	73	37.57	12.32	12.50	37.61	0.00	0.00
LBC	74	37.73	12.24	12.41	37.62	0.03	0.00
LBC	75	37.57	12.40	12.46	37.56	0.01	0.00
LBC	76	37.65	12.32	12.46	37.57	0.00	0.00
LBC	77	37.72	12.25	12.39	37.64	0.03	0.00
LBC	78	37.54	12.39	12.48	37.59	0.00	0.00
LBC	79	37.64	12.37	12.47	37.51	0.00	0.00
LBC	80	37.74	12.23	12.38	37.65	0.00	0.00
LBC	81	37.53	12.38	12.52	37.57	0.00	0.00
LBC	82	37.61	12.32	12.49	37.58	0.01	0.00
LBC	83	37.71	12.24	12.40	37.64	0.00	0.00
LBC	84	37.57	12.41	12.46	37.57	0.02	0.00
LBC	85	37.66	12.29	12.49	37.55	0.03	0.00
LBC	86	37.63	12.21	12.41	37.75	0.01	0.00
LBC	87	37.58	12.40	12.49	37.53	0.04	0.00
LBC	88	37.69	12.29	12.48	37.55	0.00	0.00
LBC	89	37.71	12.21	12.37	37.70	0.01	0.00
LBC	90	37.55	12.42	12.51	37.52	0.01	0.00
LBC	91	37.60	12.34	12.52	37.54	0.01	0.00
LBC	92	37.72	12.22	12.36	37.70	0.00	0.00
LBC	93	37.58	12.35	12.49	37.58	0.00	0.00
LBC	94	37.60	12.30	12.50	37.60	0.00	0.00
LBC	95	37.75	12.22	12.33	37.70	0.01	0.00
LBC	96	37.62	12.37	12.46	37.55	0.01	0.00
LBC	97	37.66	12.29	12.46	37.59	0.01	0.00
LBC	98	37.74	12.19	12.33	37.74	0.03	0.00
LBC	99	37.63	12.38	12.45	37.54	0.02	0.00
LBC	100	37.61	12.37	12.47	37.55	0.04	0.00
# ACGT raw counters for last fragments. Use `grep ^LTC | cut -f 2-` to extract this part. The columns are: A,C,G,T,N base counters
LTC	75413974	24503671	24770762	75289689	21904
# Insert sizes. Use `grep ^IS | cut -f 2-` to extract this part. The columns are: insert size, pairs total, inward oriented pairs, outward oriented pairs, other pairs
IS	0	34	0	2	32
IS	1	2	0	2	0
IS	2	5	0	5	0
IS	3	15	0	15	0
IS	4	14	0	13	1
IS	5	23	0	21	2
IS	6	12	0	10	2
IS	7	14	0	13	1
IS	8	14	0	14	0
IS	9	18	0	17	1
IS	10	13	0	13	0
IS	11	17	0	15	2
IS	12	11	0	9	2
IS	13	7	0	7	0
IS	14	13	0	11	2
IS	15	12	0	9	3
IS	16	22	0	20	2
IS	17	17	0	17	0
IS	18	16	0	15	1
IS	19	118	48	65	5
IS	20	106	39	60	7
IS	21	61	23	33	5
IS	22	65	24	30	11
IS	23	68	19	34	15
IS	24	49	18	23	8
IS	25	52	11	25	16
IS	26	42	14	19	9
IS	27	42	14	19	9
IS	28	39	8	17	14
IS	29	54	13	29	12
IS	30	46	15	17	14
IS	31	34	7	17	10
IS	32	48	15	22	11
IS	33	36	9	18	9
IS	34	46	14	23	9
IS	35	48	8	27	13
IS	36	39	12	20	7
IS	37	59	23	23	13
IS	38	39	6	24	9
IS	39	35	12	17	6
IS	40	47	10	24	13
IS	41	43	16	19	8
IS	42	42	16	21	5
IS	43	40	13	19	8
IS	44	53	11	33	9
IS	45	50	17	25	8
IS	46	53	15	31	7
IS	47	51	13	32	6
IS	48	46	20	21	5
IS	49	56	20	30	6
IS	50	55	20	24	11
IS	51	61	15	38	8
IS	52	60	18	37	5
IS	53	37	11	23	3
IS	54	70	28	33	9
IS	55	68	23	37	8
IS	56	61	22	30	9
IS	57	53	19	26	8
IS	58	75	34	34	7
IS	59	61	28	27	6
IS	60	79	27	46	6
IS	61	70	29	37	4
IS	62	78	35	40	3
IS	63	79	39	35	5
IS	64	82	39	37	6
IS	65	63	26	32	5
IS	66	90	35	49	6
IS	67	80	36	36	8
IS	68	91	41	42	8
IS	69	85	37	39	9
IS	70	104	49	54	1
IS	71	107	42	55	10
IS	72	74	28	40	6
IS	73	83	38	41	4
IS	74	90	39	47	4
IS	75	83	34	41	8
IS	76	118	52	62	4
IS	77	98	54	39	5
IS	78	116	54	57	5
IS	79	101	42	57	2
IS	80	93	47	43	3
IS	81	96	42	50	4
IS	82	97	44	49	4
IS	83	130	63	60	7
IS	84	114	57	53	4
IS	85	136	65	66	5
IS	86	129	63	63	3
IS	87	119	59	58	2
IS	88	127	66	56	5
IS	89	122	75	44	3
IS	90	123	66	55	2
IS	91	126	73	48	5
IS	92	123	64	57	2
IS	93	119	68	50	1
IS	94	112	51	55	6
IS	95	134	70	61	3
IS	96	139	88	48	3
IS	97	139	78	57	4
IS	98	140	78	57	5
IS	99	145	71	71	3
IS	100	145	98	44	3
IS	101	174	166	5	3
IS	102	172	167	3	2
IS	103	152	148	1	3
IS	104	154	150	0	4
IS	105	175	169	2	4
IS	106	191	186	3	2
IS	107	197	192	2	3
IS	108	163	157	3	3
IS	109	202	198	1	3
IS	110	225	221	2	2
IS	111	183	178	1	4
IS	112	185	178	3	4
IS	113	211	207	0	4
IS	114	209	204	2	3
IS	115	215	211	1	3
IS	116	226	220	0	6
IS	117	227	225	0	2
IS	118	233	227	1	5
IS	119	271	268	1	2
IS	120	305	301	0	4
IS	121	298	294	0	4
IS	122	313	309	1	3
IS	123	313	310	1	2
IS	124	313	310	1	2
IS	125	385	379	2	4
IS	126	409	407	0	2
IS	127	415	413	1	1
IS	128	475	472	0	3
IS	129	543	542	0	1
IS	130	547	541	1	5
IS	131	575	570	0	5
IS	132	679	674	2	3
IS	133	702	701	0	1
IS	134	751	746	2	3
IS	135	818	814	1	3
IS	136	925	924	1	0
IS	137	960	959	0	1
IS	138	1039	1032	1	6
IS	139	1187	1185	0	2
IS	140	1238	1235	2	1
IS	141	1401	1391	2	8
IS	142	1463	1461	0	2
IS	143	1628	1627	0	1
IS	144	1725	1723	1	1
IS	145	1834	1832	1	1
IS	146	2026	2024	1	1
IS	147	2173	2169	2	2
IS	148	2331	2329	1	1
IS	149	2567	2561	3	3
IS	150	2749	2746	2	1
IS	151	2951	2948	2	1
IS	152	3099	3096	0	3
IS	153	3505	3501	1	3
IS	154	3629	3625	2	2
IS	155	3884	3878	1	5
IS	156	4031	4029	1	1
IS	157	4332	4327	0	5
IS	158	4667	4666	1	0
IS	159	4865	4863	0	2
IS	160	5303	5300	0	3
IS	161	5525	5521	0	4
IS	162	5670	5669	1	0
IS	163	6051	6048	1	2
IS	164	6244	6238	2	4
IS	165	6707	6705	0	2
IS	166	6925	6921	1	3
IS	167	7353	7351	0	2
IS	168	7347	7344	2	1
IS	169	7932	7926	1	5
IS	170	8124	8123	0	1
IS	171	8338	8333	2	3
IS	172	8855	8854	0	1
IS	173	9100	9098	0	2
IS	174	9257	9255	1	1
IS	175	9599	9596	0	3
IS	176	9996	9994	1	1
IS	177	10158	10155	0	3
IS	178	10291	10288	1	2
IS	179	10598	10595	2	1
IS	180	10728	10727	1	0
IS	181	11184	11181	1	2
IS	182	11230	11230	0	0
IS	183	11547	11547	0	0
IS	184	11509	11506	1	2
IS	185	11835	11834	0	1
IS	186	12085	12084	1	0
IS	187	12265	12265	0	0
IS	188	12670	12665	2	3
IS	189	12615	12612	0	3
IS	190	12611	12607	1	3
IS	191	12868	12867	1	0
IS	192	12921	12920	0	1
IS	193	13211	13211	0	0
IS	194	13177	13176	1	0
IS	195	13362	13359	1	2
IS	196	13274	13273	0	1
IS	197	13517	13516	1	0
IS	198	13473	13471	1	1
IS	199	13292	13287	2	3
IS	200	13228	13228	0	0
IS	201	13422	13420	1	1
IS	202	13664	13662	0	2
IS	203	13501	13499	1	1
IS	204	13361	13361	0	0
IS	205	13403	13401	0	2
IS	206	13469	13466	1	2
IS	207	13541	13541	0	0
IS	208	13359	13356	0	3
IS	209	13400	13400	0	0
IS	210	13296	13294	0	2
IS	211	13225	13224	1	0
IS	212	13236	13235	0	1
IS	213	13303	13301	2	0
IS	214	13047	13046	0	1
IS	215	12915	12913	0	2
IS	216	13021	13021	0	0
IS	217	12947	12947	0	0
IS	218	12825	12823	0	2
IS	219	12649	12647	2	0
IS	220	12626	12621	3	2
IS	221	12789	12786	1	2
IS	222	12369	12367	1	1
IS	223	12565	12562	3	0
IS	224	12207	12206	0	1
IS	225	12192	12191	0	1
IS	226	11812	11811	1	0
IS	227	12128	12127	1	0
IS	228	11856	11856	0	0
IS	229	11426	11426	0	0
IS	230	11490	11489	1	0
IS	231	11470	11468	2	0
IS	232	11394	11393	1	0
IS	233	11060	11057	0	3
IS	234	11253	11252	0	1
IS	235	11148	11146	1	1
IS	236	11115	11115	0	0
IS	237	10859	10859	0	0
IS	238	10587	10586	0	1
IS	239	10577	10577	0	0
IS	240	10592	10592	0	0
IS	241	10474	10473	1	0
IS	242	10204	10201	2	1
IS	243	10159	10159	0	0
IS	244	9845	9845	0	0
IS	245	9854	9854	0	0
IS	246	9835	9833	1	1
IS	247	9691	9690	1	0
IS	248	9616	9616	0	0
IS	249	9291	9291	0	0
IS	250	9228	9228	0	0
IS	251	9209	9208	0	1
IS	252	9277	9277	0	0
IS	253	8903	8902	1	0
IS	254	8765	8763	2	0
IS	255	8606	8605	1	0
IS	256	8729	8728	1	0
IS	257	8472	8471	1	0
IS	258	8471	8469	0	2
IS	259	8412	8412	0	0
IS	260	8234	8233	1	0
IS	261	8307	8307	0	0
IS	262	8034	8034	0	0
IS	263	8010	8010	0	0
IS	264	7914	7913	1	0
IS	265	7824	7824	0	0
IS	266	7522	7521	0	1
IS	267	7620	7620	0	0
IS	268	7372	7367	3	2
IS	269	7309	7309	0	0
IS	270	7125	7125	0	0
IS	271	7245	7245	0	0
IS	272	7055	7054	0	1
IS	273	6807	6805	1	1
IS	274	6678	6678	0	0
IS	275	6843	6843	0	0
IS	276	6747	6745	2	0
IS	277	6548	6547	0	1
IS	278	6529	6529	0	0
IS	279	6395	6395	0	0
IS	280	6319	6318	1	0
IS	281	6259	6259	0	0
IS	282	6183	6183	0	0
IS	283	5902	5898	1	3
IS	284	6017	6017	0	0
IS	285	5793	5793	0	0
IS	286	5758	5758	0	0
IS	287	5666	5663	0	3
IS	288	5694	5694	0	0
IS	289	5615	5615	0	0
IS	290	5457	5456	1	0
IS	291	5329	5329	0	0
IS	292	5287	5286	0	1
IS	293	5339	5339	0	0
IS	294	5107	5106	1	0
IS	295	5062	5060	2	0
IS	296	4980	4979	1	0
IS	297	4789	4788	1	0
IS	298	4796	4795	1	0
IS	299	4726	4726	0	0
IS	300	4720	4719	1	0
IS	301	4634	4632	1	1
IS	302	4460	4460	0	0
IS	303	4400	4400	0	0
IS	304	4568	4568	0	0
IS	305	4418	4417	1	0
IS	306	4369	4368	0	1
IS	307	4228	4228	0	0
IS	308	4116	4116	0	0
IS	309	4019	4018	1	0
IS	310	3807	3805	2	0
IS	311	3999	3998	0	1
IS	312	3954	3953	1	0
IS	313	3851	3847	2	2
IS	314	3700	3699	0	1
IS	315	3648	3648	0	0
IS	316	3548	3547	1	0
IS	317	3542	3540	2	0
IS	318	3356	3356	0	0
IS	319	3556	3555	1	0
IS	320	3410	3410	0	0
IS	321	3467	3466	1	0
IS	322	3374	3374	0	0
IS	323	3357	3357	0	0
IS	324	3177	3177	0	0
IS	325	3180	3179	1	0
IS	326	3154	3154	0	0
IS	327	3146	3146	0	0
IS	328	3002	3002	0	0
IS	329	2971	2970	1	0
IS	330	2955	2953	2	0
IS	331	2876	2875	1	0
IS	332	2864	2864	0	0
IS	333	2860	2860	0	0
IS	334	2707	2705	1	1
IS	335	2842	2841	0	1
IS	336	2704	2704	0	0
IS	337	2735	2735	0	0
IS	338	2592	2592	0	0
IS	339	2566	2566	0	0
IS	340	2564	2564	0	0
IS	341	2450	2450	0	0
IS	342	2480	2480	0	0
IS	343	2360	2360	0	0
IS	344	2427	2427	0	0
IS	345	2393	2393	0	0
IS	346	2315	2313	2	0
IS	347	2271	2270	0	1
IS	348	2292	2292	0	0
IS	349	2233	2233	0	0
IS	350	2233	2232	1	0
IS	351	2103	2103	0	0
IS	352	2137	2137	0	0
IS	353	2079	2079	0	0
IS	354	2072	2072	0	0
IS	355	2040	2039	1	0
IS	356	2017	2017	0	0
IS	357	1884	1884	0	0
IS	358	1933	1933	0	0
IS	359	1895	1894	1	0
IS	360	1902	1902	0	0
IS	361	1812	1812	0	0
IS	362	1846	1845	1	0
IS	363	1713	1712	1	0
IS	364	1804	1804	0	0
IS	365	1750	1750	0	0
IS	366	1646	1646	0	0
IS	367	1657	1657	0	0
IS	368	1624	1624	0	0
IS	369	1635	1634	1	0
IS	370	1537	1537	0	0
IS	371	1566	1565	1	0
IS	372	1559	1559	0	0
IS	373	1522	1522	0	0
IS	374	1520	1520	0	0
IS	375	1393	1393	0	0
IS	376	1368	1368	0	0
IS	377	1450	1450	0	0
IS	378	1403	1402	1	0
IS	379	1333	1333	0	0
IS	380	1324	1324	0	0
IS	381	1305	1304	1	0
IS	382	1324	1324	0	0
IS	383	1257	1257	0	0
IS	384	1267	1267	0	0
IS	385	1195	1193	2	0
IS	386	1181	1179	2	0
IS	387	1203	1203	0	0
IS	388	1242	1242	0	0
IS	389	1152	1151	1	0
IS	390	1121	1121	0	0
IS	391	1119	1119	0	0
IS	392	1131	1131	0	0
IS	393	1105	1104	1	0
IS	394	1095	1094	1	0
IS	395	988	987	1	0
IS	396	1020	1020	0	0
IS	397	1019	1019	0	0
IS	398	1008	1008	0	0
IS	399	1009	1009	0	0
IS	400	929	929	0	0
IS	401	1004	1003	1	0
IS	402	949	947	2	0
IS	403	953	953	0	0
IS	404	858	856	2	0
IS	405	842	841	1	0
IS	406	882	878	3	1
IS	407	863	863	0	0
IS	408	883	883	0	0
IS	409	859	859	0	0
IS	410	864	863	1	0
IS	411	850	850	0	0
IS	412	811	810	1	0
IS	413	826	826	0	0
IS	414	754	754	0	0
IS	415	772	772	0	0
IS	416	767	767	0	0
IS	417	709	708	0	1
IS	418	743	743	0	0
IS	419	691	691	0	0
IS	420	725	725	0	0
IS	421	676	676	0	0
IS	422	659	658	1	0
IS	423	717	714	3	0
IS	424	633	633	0	0
IS	425	706	705	1	0
IS	426	664	664	0	0
IS	427	629	629	0	0
IS	428	637	635	2	0
IS	429	574	574	0	0
IS	430	612	612	0	0
IS	431	581	580	1	0
IS	432	581	581	0	0
IS	433	544	544	0	0
IS	434	572	571	1	0
IS	435	574	574	0	0
IS	436	542	542	0	0
IS	437	488	486	1	1
IS	438	530	530	0	0
IS	439	573	572	1	0
IS	440	520	520	0	0
IS	441	496	495	1	0
IS	442	481	481	0	0
IS	443	519	519	0	0
IS	444	499	499	0	0
IS	445	480	479	1	0
IS	446	485	484	1	0
IS	447	492	492	0	0
IS	448	509	508	1	0
IS	449	405	405	0	0
IS	450	423	422	1	0
IS	451	468	467	1	0
IS	452	418	418	0	0
IS	453	410	409	1	0
IS	454	388	387	1	0
IS	455	425	425	0	0
IS	456	394	394	0	0
IS	457	423	423	0	0
IS	458	405	404	1	0
IS	459	372	370	1	1
IS	460	337	336	1	0
IS	461	385	385	0	0
IS	462	392	392	0	0
IS	463	370	368	2	0
IS	464	337	337	0	0
IS	465	336	336	0	0
IS	466	354	352	2	0
IS	467	319	319	0	0
IS	468	321	320	1	0
IS	469	313	313	0	0
IS	470	335	335	0	0
IS	471	315	315	0	0
IS	472	311	311	0	0
IS	473	287	287	0	0
IS	474	271	269	2	0
IS	475	304	304	0	0
IS	476	320	318	2	0
IS	477	278	278	0	0
IS	478	277	276	1	0
IS	479	279	279	0	0
IS	480	251	249	2	0
IS	481	280	280	0	0
IS	482	286	286	0	0
IS	483	265	264	1	0
IS	484	253	253	0	0
IS	485	277	277	0	0
IS	486	243	243	0	0
IS	487	244	242	1	1
IS	488	238	238	0	0
IS	489	220	220	0	0
IS	490	209	209	0	0
IS	491	241	239	2	0
IS	492	216	216	0	0
IS	493	220	216	4	0
IS	494	235	235	0	0
IS	495	233	232	1	0
IS	496	182	182	0	0
IS	497	201	201	0	0
IS	498	188	188	0	0
IS	499	197	197	0	0
IS	500	190	188	2	0
IS	501	221	221	0	0
IS	502	177	177	0	0
IS	503	200	200	0	0
IS	504	181	181	0	0
IS	505	181	181	0	0
IS	506	186	186	0	0
IS	507	169	168	1	0
IS	508	161	160	1	0
IS	509	205	205	0	0
IS	510	146	146	0	0
IS	511	174	174	0	0
IS	512	161	161	0	0
IS	513	175	173	2	0
IS	514	158	157	1	0
IS	515	187	187	0	0
IS	516	152	152	0	0
IS	517	161	161	0	0
IS	518	139	138	1	0
IS	519	162	162	0	0
IS	520	125	125	0	0
IS	521	114	111	3	0
IS	522	109	109	0	0
IS	523	133	133	0	0
IS	524	106	106	0	0
IS	525	118	118	0	0
IS	526	131	130	1	0
IS	527	105	104	1	0
IS	528	134	133	1	0
IS	529	108	108	0	0
IS	530	114	114	0	0
IS	531	102	101	1	0
IS	532	91	90	1	0
IS	533	82	82	0	0
IS	534	96	96	0	0
IS	535	105	104	1	0
IS	536	133	132	1	0
IS	537	107	107	0	0
IS	538	99	99	0	0
IS	539	111	110	1	0
IS	540	103	103	0	0
IS	541	96	96	0	0
IS	542	100	100	0	0
# Read lengths. Use `grep ^RL | cut -f 2-` to extract this part. The columns are: read length, count
RL	100	4000000
# Read lengths - first fragments. Use `grep ^FRL | cut -f 2-` to extract this part. The columns are: read length, count
FRL	100	2000000
# Read lengths - last fragments. Use `grep ^LRL | cut -f 2-` to extract this part. The columns are: read length, count
LRL	100	2000000
# Indel distribution. Use `grep ^ID | cut -f 2-` to extract this part. The columns are: length, number of insertions, number of deletions
ID	1	39800	53063
ID	2	20982	27340
ID	3	12971	15529
ID	4	8386	10924
ID	5	2874	3098
ID	6	7069	10098
ID	7	926	1280
ID	8	2427	4441
ID	9	2131	3477
ID	10	1113	2805
ID	11	217	350
ID	12	1495	4003
ID	13	130	276
ID	14	305	1386
ID	15	460	1131
ID	16	171	1094
ID	17	25	116
ID	18	302	1581
ID	19	10	83
ID	20	68	506
ID	21	35	298
ID	22	15	324
ID	23	0	32
ID	24	30	393
ID	25	1	37
ID	26	2	118
ID	27	6	70
ID	28	0	77
ID	29	1	9
ID	30	1	78
ID	31	0	5
ID	32	0	22
ID	33	0	7
ID	34	0	12
ID	35	0	1
ID	36	0	7
ID	37	0	1
ID	38	0	1
ID	39	0	1
ID	40	0	3
ID	41	0	1
ID	45	0	1
# Indels per cycle. Use `grep ^IC | cut -f 2-` to extract this part. The columns are: cycle, number of insertions (fwd), .. (rev) , number of deletions (fwd), .. (rev)
IC	1	1	0	0	0
IC	3	0	0	281	265
IC	4	193	196	261	319
IC	5	289	267	312	311
IC	6	303	276	406	388
IC	7	306	305	404	377
IC	8	295	313	517	457
IC	9	365	367	496	482
IC	10	361	380	531	478
IC	11	431	360	544	491
IC	12	399	423	571	530
IC	13	419	390	501	546
IC	14	458	454	572	566
IC	15	457	506	604	584
IC	16	530	467	630	618
IC	17	506	542	620	588
IC	18	562	561	601	657
IC	19	544	582	692	651
IC	20	567	597	705	724
IC	21	599	603	699	708
IC	22	599	668	705	818
IC	23	619	593	778	788
IC	24	590	652	787	811
IC	25	654	655	824	784
IC	26	729	653	916	838
IC	27	688	668	921	871
IC	28	693	667	954	857
IC	29	724	692	980	894
IC	30	694	728	917	934
IC	31	746	715	1067	902
IC	32	698	706	988	929
IC	33	756	727	1026	937
IC	34	790	788	1009	985
IC	35	793	753	1047	922
IC	36	782	781	995	952
IC	37	752	764	1115	961
IC	38	836	715	1041	981
IC	39	794	737	974	948
IC	40	877	743	1122	923
IC	41	787	708	1044	1044
IC	42	756	760	1021	979
IC	43	803	726	1053	955
IC	44	809	715	1091	1031
IC	45	810	751	992	923
IC	46	738	750	1001	992
IC	47	777	745	1078	1007
IC	48	802	718	999	894
IC	49	756	691	1065	868
IC	50	802	691	1042	957
IC	51	740	700	1006	918
IC	52	775	664	1063	965
IC	53	732	709	1032	927
IC	54	725	669	1079	954
IC	55	692	717	1007	934
IC	56	705	670	1032	970
IC	57	733	679	1056	940
IC	58	733	663	1039	908
IC	59	691	625	1037	890
IC	60	660	605	916	924
IC	61	623	668	924	863
IC	62	666	627	966	914
IC	63	656	569	993	948
IC	64	709	572	933	919
IC	65	620	608	995	860
IC	66	612	578	919	852
IC	67	600	569	907	830
IC	68	617	559	918	866
IC	69	633	567	922	856
IC	70	576	575	893	773
IC	71	576	538	826	814
IC	72	540	511	779	751
IC	73	564	469	851	714
IC	74	507	498	834	680
IC	75	469	504	759	739
IC	76	483	442	753	739
IC	77	470	449	731	710
IC	78	493	479	711	650
IC	79	427	398	687	671
IC	80	436	380	678	623
IC	81	440	383	620	659
IC	82	412	352	612	586
IC	83	335	330	637	605
IC	84	350	289	614	578
IC	85	312	291	591	571
IC	86	290	305	597	550
IC	87	345	296	509	493
IC	88	246	236	504	458
IC	89	261	228	498	510
IC	90	239	226	531	433
IC	91	240	240	446	432
IC	92	224	177	431	419
IC	93	195	201	415	365
IC	94	170	150	446	441
IC	95	170	175	424	416
IC	96	148	141	404	398
IC	97	178	166	305	309
# Coverage distribution. Use `grep ^COV | cut -f 2-` to extract this part.
COV	[1-1]	1	538250
COV	[2-2]	2	646293
COV	[3-3]	3	726029
COV	[4-4]	4	783134
COV	[5-5]	5	813487
COV	[6-6]	6	832245
COV	[7-7]	7	831747
COV	[8-8]	8	825342
COV	[9-9]	9	806364
COV	[10-10]	10	796146
COV	[11-11]	11	782727
COV	[12-12]	12	779804
COV	[13-13]	13	781032
COV	[14-14]	14	795637
COV	[15-15]	15	813779
COV	[16-16]	16	847684
COV	[17-17]	17	877286
COV	[18-18]	18	900677
COV	[19-19]	19	913513
COV	[20-20]	20	917365
COV	[21-21]	21	900783
COV	[22-22]	22	858930
COV	[23-23]	23	800244
COV	[24-24]	24	728332
COV	[25-25]	25	647913
COV	[26-26]	26	561862
COV	[27-27]	27	472455
COV	[28-28]	28	390006
COV	[29-29]	29	311597
COV	[30-30]	30	245897
COV	[31-31]	31	191386
COV	[32-32]	32	146235
COV	[33-33]	33	110383
COV	[34-34]	34	81198
COV	[35-35]	35	59596
COV	[36-36]	36	44784
COV	[37-37]	37	33459
COV	[38-38]	38	25253
COV	[39-39]	39	19765
COV	[40-40]	40	16220
COV	[41-41]	41	14451
COV	[42-42]	42	12452
COV	[43-43]	43	10860
COV	[44-44]	44	9887
COV	[45-45]	45	8807
COV	[46-46]	46	8086
COV	[47-47]	47	7291
COV	[48-48]	48	6505
COV	[49-49]	49	6042
COV	[50-50]	50	5566
COV	[51-51]	51	5075
COV	[52-52]	52	4725
COV	[53-53]	53	4543
COV	[54-54]	54	3993
COV	[55-55]	55	3879
COV	[56-56]	56	3508
COV	[57-57]	57	3448
COV	[58-58]	58	3096
COV	[59-59]	59	2970
COV	[60-60]	60	2598
COV	[61-61]	61	2577
COV	[62-62]	62	2547
COV	[63-63]	63	2347
COV	[64-64]	64	2374
COV	[65-65]	65	2240
COV	[66-66]	66	1950
COV	[67-67]	67	1899
COV	[68-68]	68	1723
COV	[69-69]	69	1600
COV	[70-70]	70	1539
COV	[71-71]	71	1620
COV	[72-72]	72	1409
COV	[73-73]	73	1301
COV	[74-74]	74	1240
COV	[75-75]	75	1135
COV	[76-76]	76	978
COV	[77-77]	77	901
COV	[78-78]	78	807
COV	[79-79]	79	790
COV	[80-80]	80	705
COV	[81-81]	81	661
COV	[82-82]	82	692
COV	[83-83]	83	627
COV	[84-84]	84	605
COV	[85-85]	85	550
COV	[86-86]	86	523
COV	[87-87]	87	488
COV	[88-88]	88	415
COV	[89-89]	89	455
COV	[90-90]	90	422
COV	[91-91]	91	393
COV	[92-92]	92	368
COV	[93-93]	93	357
COV	[94-94]	94	255
COV	[95-95]	95	284
COV	[96-96]	96	282
COV	[97-97]	97	244
COV	[98-98]	98	242
COV	[99-99]	99	219
COV	[100-100]	100	242
COV	[101-101]	101	219
COV	[102-102]	102	224
COV	[103-103]	103	184
COV	[104-104]	104	194
COV	[105-105]	105	195
COV	[106-106]	106	168
COV	[107-107]	107	133
COV	[108-108]	108	149
COV	[109-109]	109	142
COV	[110-110]	110	132
COV	[111-111]	111	105
COV	[112-112]	112	110
COV	[113-113]	113	109
COV	[114-114]	114	98
COV	[115-115]	115	90
COV	[116-116]	116	114
COV	[117-117]	117	141
COV	[118-118]	118	113
COV	[119-119]	119	90
COV	[120-120]	120	105
COV	[121-121]	121	90
COV	[122-122]	122	88
COV	[123-123]	123	75
COV	[124-124]	124	58
COV	[125-125]	125	61
COV	[126-126]	126	44
COV	[127-127]	127	73
COV	[128-128]	128	53
COV	[129-129]	129	61
COV	[130-130]	130	48
COV	[131-131]	131	48
COV	[132-132]	132	61
COV	[133-133]	133	57
COV	[134-134]	134	62
COV	[135-135]	135	60
COV	[136-136]	136	64
COV	[137-137]	137	52
COV	[138-138]	138	31
COV	[139-139]	139	43
COV	[140-140]	140	48
COV	[141-141]	141	27
COV	[142-142]	142	25
COV	[143-143]	143	20
COV	[144-144]	144	30
COV	[145-145]	145	33
COV	[146-146]	146	41
COV	[147-147]	147	24
COV	[148-148]	148	16
COV	[149-149]	149	35
COV	[150-150]	150	17
COV	[151-151]	151	16
COV	[152-152]	152	26
COV	[153-153]	153	9
COV	[154-154]	154	20
COV	[155-155]	155	14
COV	[156-156]	156	10
COV	[157-157]	157	9
COV	[158-158]	158	11
COV	[159-159]	159	13
COV	[160-160]	160	26
COV	[161-161]	161	25
COV	[162-162]	162	19
COV	[163-163]	163	15
COV	[164-164]	164	18
COV	[165-165]	165	26
COV	[166-166]	166	15
COV	[167-167]	167	14
COV	[168-168]	168	5
COV	[169-169]	169	15
COV	[170-170]	170	6
COV	[171-171]	171	9
COV	[172-172]	172	9
COV	[173-173]	173	5
COV	[174-174]	174	8
COV	[175-175]	175	4
COV	[176-176]	176	5
COV	[177-177]	177	5
COV	[178-178]	178	8
COV	[179-179]	179	3
COV	[180-180]	180	7
COV	[181-181]	181	13
COV	[182-182]	182	20
COV	[183-183]	183	10
COV	[184-184]	184	17
COV	[185-185]	185	14
COV	[186-186]	186	16
COV	[187-187]	187	14
COV	[188-188]	188	21
COV	[189-189]	189	25
COV	[190-190]	190	23
COV	[191-191]	191	20
COV	[192-192]	192	7
COV	[193-193]	193	5
COV	[194-194]	194	12
COV	[195-195]	195	7
COV	[196-196]	196	9
COV	[197-197]	197	9
COV	[198-198]	198	14
COV	[199-199]	199	3
COV	[200-200]	200	9
COV	[201-201]	201	6
COV	[202-202]	202	4
COV	[203-203]	203	7
COV	[204-204]	204	5
COV	[205-205]	205	4
COV	[206-206]	206	3
COV	[207-207]	207	4
COV	[208-208]	208	5
COV	[209-209]	209	6
COV	[210-210]	210	6
COV	[211-211]	211	4
COV	[212-212]	212	7
COV	[213-213]	213	3
COV	[214-214]	214	3
COV	[215-215]	215	2
COV	[216-216]	216	2
COV	[217-217]	217	2
COV	[218-218]	218	3
COV	[219-219]	219	3
COV	[221-221]	221	3
COV	[222-222]	222	4
COV	[223-223]	223	5
COV	[224-224]	224	9
COV	[225-225]	225	5
COV	[226-226]	226	5
COV	[227-227]	227	2
COV	[228-228]	228	11
COV	[229-229]	229	8
COV	[230-230]	230	5
COV	[231-231]	231	7
COV	[232-232]	232	3
COV	[233-233]	233	6
COV	[234-234]	234	6
COV	[235-235]	235	4
COV	[236-236]	236	4
COV	[237-237]	237	6
COV	[238-238]	238	4
COV	[239-239]	239	5
COV	[240-240]	240	1
COV	[241-241]	241	8
COV	[242-242]	242	4
COV	[243-243]	243	4
COV	[244-244]	244	3
COV	[245-245]	245	6
COV	[246-246]	246	10
COV	[247-247]	247	11
COV	[248-248]	248	12
COV	[249-249]	249	12
COV	[250-250]	250	26
COV	[251-251]	251	10
COV	[252-252]	252	14
COV	[253-253]	253	12
COV	[254-254]	254	7
COV	[255-255]	255	16
COV	[256-256]	256	9
COV	[257-257]	257	23
COV	[258-258]	258	24
COV	[259-259]	259	41
COV	[260-260]	260	36
COV	[261-261]	261	34
COV	[262-262]	262	31
COV	[263-263]	263	36
COV	[264-264]	264	24
COV	[265-265]	265	31
COV	[266-266]	266	29
COV	[267-267]	267	30
COV	[268-268]	268	35
COV	[269-269]	269	38
COV	[270-270]	270	43
COV	[271-271]	271	34
COV	[272-272]	272	48
COV	[273-273]	273	54
COV	[274-274]	274	39
COV	[275-275]	275	37
COV	[276-276]	276	54
COV	[277-277]	277	44
COV	[278-278]	278	44
COV	[279-279]	279	42
COV	[280-280]	280	53
COV	[281-281]	281	46
COV	[282-282]	282	62
COV	[283-283]	283	78
COV	[284-284]	284	50
COV	[285-285]	285	42
COV	[286-286]	286	42
COV	[287-287]	287	45
COV	[288-288]	288	51
COV	[289-289]	289	43
COV	[290-290]	290	39
COV	[291-291]	291	31
COV	[292-292]	292	39
COV	[293-293]	293	37
COV	[294-294]	294	47
COV	[295-295]	295	52
COV	[296-296]	296	54
COV	[297-297]	297	59
COV	[298-298]	298	62
COV	[299-299]	299	85
COV	[300-300]	300	78
COV	[301-301]	301	93
COV	[302-302]	302	83
COV	[303-303]	303	113
COV	[304-304]	304	116
COV	[305-305]	305	116
COV	[306-306]	306	112
COV	[307-307]	307	107
COV	[308-308]	308	118
COV	[309-309]	309	104
COV	[310-310]	310	122
COV	[311-311]	311	147
COV	[312-312]	312	110
COV	[313-313]	313	124
COV	[314-314]	314	136
COV	[315-315]	315	151
COV	[316-316]	316	132
COV	[317-317]	317	140
COV	[318-318]	318	150
COV	[319-319]	319	123
COV	[320-320]	320	125
COV	[321-321]	321	135
COV	[322-322]	322	111
COV	[323-323]	323	115
COV	[324-324]	324	120
COV	[325-325]	325	115
COV	[326-326]	326	119
COV	[327-327]	327	115
COV	[328-328]	328	109
COV	[329-329]	329	90
COV	[330-330]	330	74
COV	[331-331]	331	79
COV	[332-332]	332	73
COV	[333-333]	333	67
COV	[334-334]	334	72
COV	[335-335]	335	55
COV	[336-336]	336	55
COV	[337-337]	337	46
COV	[338-338]	338	40
COV	[339-339]	339	22
COV	[340-340]	340	21
COV	[341-341]	341	19
COV	[342-342]	342	16
COV	[343-343]	343	7
COV	[344-344]	344	12
COV	[345-345]	345	8
COV	[346-346]	346	8
COV	[347-347]	347	8
COV	[348-348]	348	7
COV	[349-349]	349	7
COV	[350-350]	350	2
COV	[351-351]	351	5
COV	[352-352]	352	1
COV	[353-353]	353	3
COV	[354-354]	354	5
COV	[355-355]	355	4
COV	[356-356]	356	4
COV	[357-357]	357	7
COV	[358-358]	358	8
COV	[359-359]	359	3
COV	[360-360]	360	5
COV	[361-361]	361	1
COV	[363-363]	363	1
COV	[364-364]	364	1
COV	[366-366]	366	2
COV	[367-367]	367	2
COV	[368-368]	368	1
COV	[369-369]	369	2
COV	[370-370]	370	4
COV	[371-371]	371	2
COV	[372-372]	372	1
COV	[373-373]	373	2
COV	[374-374]	374	4
COV	[375-375]	375	1
COV	[378-378]	378	2
COV	[379-379]	379	2
COV	[380-380]	380	4
COV	[381-381]	381	3
COV	[382-382]	382	2
COV	[383-383]	383	1
COV	[384-384]	384	1
COV	[385-385]	385	1
COV	[386-386]	386	1
COV	[387-387]	387	1
COV	[388-388]	388	5
COV	[389-389]	389	1
COV	[390-390]	390	2
COV	[391-391]	391	4
COV	[392-392]	392	3
COV	[393-393]	393	1
COV	[394-394]	394	1
COV	[395-395]	395	4
COV	[396-396]	396	2
COV	[397-397]	397	6
COV	[398-398]	398	1
COV	[399-399]	399	3
COV	[400-400]	400	3
COV	[401-401]	401	5
COV	[402-402]	402	4
COV	[403-403]	403	4
COV	[404-404]	404	1
COV	[406-406]	406	1
COV	[407-407]	407	3
COV	[408-408]	408	3
COV	[409-409]	409	4
COV	[410-410]	410	2
COV	[411-411]	411	1
COV	[412-412]	412	3
COV	[414-414]	414	4
COV	[415-415]	415	10
COV	[416-416]	416	3
COV	[417-417]	417	2
COV	[418-418]	418	1
COV	[419-419]	419	4
COV	[420-420]	420	2
COV	[421-421]	421	1
COV	[422-422]	422	1
COV	[423-423]	423	1
COV	[424-424]	424	1
COV	[425-425]	425	1
COV	[426-426]	426	1
COV	[427-427]	427	1
COV	[429-429]	429	2
COV	[430-430]	430	1
COV	[431-431]	431	1
COV	[432-432]	432	2
COV	[433-433]	433	4
COV	[434-434]	434	3
COV	[435-435]	435	2
COV	[436-436]	436	1
COV	[437-437]	437	1
COV	[438-438]	438	3
COV	[439-439]	439	3
COV	[440-440]	440	2
COV	[441-441]	441	2
COV	[442-442]	442	4
COV	[443-443]	443	1
COV	[444-444]	444	2
COV	[445-445]	445	2
COV	[446-446]	446	6
COV	[447-447]	447	2
COV	[448-448]	448	2
COV	[449-449]	449	2
COV	[450-450]	450	1
COV	[456-456]	456	4
COV	[459-459]	459	2
COV	[460-460]	460	2
COV	[462-462]	462	2
COV	[465-465]	465	1
COV	[466-466]	466	2
COV	[467-467]	467	3
COV	[469-469]	469	1
COV	[471-471]	471	1
COV	[472-472]	472	1
COV	[473-473]	473	1
COV	[475-475]	475	1
COV	[476-476]	476	1
COV	[477-477]	477	1
COV	[478-478]	478	2
COV	[481-481]	481	1
COV	[483-483]	483	1
COV	[484-484]	484	1
COV	[485-485]	485	2
COV	[486-486]	486	1
COV	[487-487]	487	2
COV	[488-488]	488	1
COV	[489-489]	489	2
COV	[490-490]	490	2
COV	[491-491]	491	3
COV	[492-492]	492	1
COV	[493-493]	493	3
COV	[496-496]	496	3
COV	[497-497]	497	1
COV	[498-498]	498	2
COV	[499-499]	499	2
COV	[500-500]	500	1
COV	[501-501]	501	1
COV	[502-502]	502	1
COV	[503-503]	503	5
COV	[504-504]	504	2
COV	[505-505]	505	1
COV	[506-506]	506	1
COV	[507-507]	507	1
COV	[508-508]	508	2
COV	[510-510]	510	2
COV	[511-511]	511	2
COV	[512-512]	512	2
COV	[513-513]	513	1
COV	[514-514]	514	4
COV	[515-515]	515	1
COV	[516-516]	516	2
COV	[517-517]	517	1
COV	[518-518]	518	4
COV	[519-519]	519	2
COV	[520-520]	520	1
COV	[521-521]	521	1
COV	[522-522]	522	5
COV	[523-523]	523	1
COV	[525-525]	525	1
COV	[526-526]	526	2
COV	[530-530]	530	1
COV	[532-532]	532	1
COV	[534-534]	534	2
COV	[535-535]	535	1
COV	[537-537]	537	1
COV	[538-538]	538	3
COV	[539-539]	539	1
COV	[540-540]	540	1
COV	[541-541]	541	2
COV	[542-542]	542	2
COV	[543-543]	543	1
COV	[544-544]	544	3
COV	[545-545]	545	2
COV	[552-552]	552	2
COV	[556-556]	556	1
COV	[565-565]	565	1
COV	[572-572]	572	1
COV	[575-575]	575	1
COV	[581-581]	581	1
COV	[583-583]	583	1
COV	[586-586]	586	2
COV	[589-589]	589	1
COV	[592-592]	592	1
COV	[593-593]	593	1
COV	[597-597]	597	2
COV	[598-598]	598	1
COV	[601-601]	601	1
COV	[602-602]	602	1
COV	[604-604]	604	2
COV	[605-605]	605	1
COV	[606-606]	606	1
COV	[609-609]	609	1
COV	[611-611]	611	4
COV	[613-613]	613	9
COV	[614-614]	614	3
COV	[615-615]	615	1
COV	[639-639]	639	1
COV	[646-646]	646	1
COV	[648-648]	648	1
COV	[673-673]	673	2
COV	[674-674]	674	1
COV	[699-699]	699	1
COV	[707-707]	707	1
COV	[722-722]	722	1
COV	[725-725]	725	1
COV	[734-734]	734	1
COV	[747-747]	747	1
COV	[760-760]	760	1
COV	[776-776]	776	1
COV	[790-790]	790	1
COV	[792-792]	792	1
COV	[798-798]	798	1
COV	[816-816]	816	1
COV	[832-832]	832	2
COV	[834-834]	834	1
COV	[844-844]	844	1
COV	[865-865]	865	1
COV	[871-871]	871	1
COV	[880-880]	880	1
COV	[881-881]	881	1
COV	[903-903]	903	1
COV	[911-911]	911	1
COV	[914-914]	914	1
COV	[919-919]	919	1
COV	[926-926]	926	1
COV	[929-929]	929	1
COV	[938-938]	938	1
COV	[961-961]	961	1
COV	[965-965]	965	1
COV	[966-966]	966	1
COV	[979-979]	979	1
COV	[992-992]	992	1
COV	[997-997]	997	1
COV	[999-999]	999	1
COV	[1000<]	1000	77
# GC-depth. Use `grep ^GCD | cut -f 2-` to extract this part. The columns are: GC%, unique sequence percentiles, 10th, 25th, 50th, 75th and 90th depth percentile
GCD	0.0	0.170	0.000	0.000	0.000	0.000	0.000
GCD	14.0	0.340	8.280	8.280	16.468	24.655	24.655
GCD	16.0	0.510	20.610	20.610	21.465	22.320	22.320
GCD	17.0	1.361	11.109	11.531	13.545	14.991	15.764
GCD	18.0	4.762	11.622	12.531	13.748	15.191	17.150
GCD	19.0	19.728	12.127	13.384	14.818	16.324	17.816
GCD	20.0	48.044	12.843	14.153	15.325	16.708	17.958
GCD	21.0	73.895	12.988	14.236	15.722	17.368	18.780
GCD	22.0	85.969	13.698	14.624	15.710	17.221	18.601
GCD	23.0	90.816	14.448	15.760	16.800	18.062	19.669
GCD	24.0	92.262	14.751	16.087	16.455	17.245	18.828
GCD	25.0	93.707	11.457	13.943	16.045	17.663	20.420
GCD	26.0	94.983	11.115	14.770	17.935	24.585	28.232
GCD	27.0	95.748	13.745	16.962	19.610	25.642	26.615
GCD	28.0	97.619	10.833	14.375	19.513	22.826	26.211
GCD	29.0	98.554	13.355	19.370	22.030	25.475	29.872
GCD	30.0	98.895	12.920	13.922	20.305	24.441	24.695
GCD	31.0	99.150	14.195	14.195	23.120	92.185	92.185
GCD	32.0	99.235	7.060	7.060	7.060	7.060	7.060
GCD	33.0	99.405	4.615	4.615	13.250	21.885	21.885
GCD	34.0	99.575	0.425	0.425	3.358	6.290	6.290
GCD	35.0	99.745	0.315	0.315	12.160	24.005	24.005
GCD	37.0	99.830	3.385	3.385	3.385	3.385	3.385
GCD	41.0	99.915	10.195	10.195	10.195	10.195	10.195
GCD	47.0	100.000	0.345	0.345	0.345	0.345	0.345
