# This file was produced by samtools stats (1.10+htslib-1.10) and can be plotted using plot-bamstats
# This file contains statistics for all reads.
# The command line was:  stats --reference data/reference/Pf3D7_v3.fa.gz results/aligned/QG0056-C.bam
# CHK, Checksum	[2]Read Names	[3]Sequences	[4]Qualities
# CHK, CRC32 of reads which passed filtering followed by addition (32bit overflow)
CHK	f01460c3	02c28aee	e6a3b457
# Summary Numbers. Use `grep ^SN | cut -f 2-` to extract this part.
SN	raw total sequences:	4000000
SN	filtered sequences:	0
SN	sequences:	4000000
SN	is sorted:	1
SN	1st fragments:	2000000
SN	last fragments:	2000000
SN	reads mapped:	3891869
SN	reads mapped and paired:	3867244	# paired-end technology bit set + both mates mapped
SN	reads unmapped:	108131
SN	reads properly paired:	3656804	# proper-pair bit set
SN	reads paired:	4000000	# paired-end technology bit set
SN	reads duplicated:	11009	# PCR or optical duplicate bit set
SN	reads MQ0:	166698	# mapped and MQ=0
SN	reads QC failed:	0
SN	non-primary alignments:	0
SN	total length:	400000000	# ignores clipping
SN	total first fragment length:	200000000	# ignores clipping
SN	total last fragment length:	200000000	# ignores clipping
SN	bases mapped:	389186900	# ignores clipping
SN	bases mapped (cigar):	380614840	# more accurate
SN	bases trimmed:	0
SN	bases duplicated:	1100900
SN	mismatches:	3130209	# from NM fields
SN	error rate:	8.224085e-03	# mismatches / bases mapped (cigar)
SN	average length:	100
SN	average first fragment length:	100
SN	average last fragment length:	100
SN	maximum length:	100
SN	maximum first fragment length:	100
SN	maximum last fragment length:	100
SN	average quality:	35.8
SN	insert size average:	238.6
SN	insert size standard deviation:	63.7
SN	inward oriented pairs:	1836906
SN	outward oriented pairs:	7330
SN	pairs with other orientation:	5584
SN	pairs on different chromosomes:	88117
SN	percentage of properly paired reads (%):	91.4
# First Fragment Qualities. Use `grep ^FFQ | cut -f 2-` to extract this part.
# Columns correspond to qualities and rows to cycles. First column is the cycle number.
FFQ	1	156	0	0	0	0	0	0	0	0	0	20387	0	0	0	0	0	18140	0	0	45	0	0	2684	13703	0	12819	30248	39478	26720	0	139986	669511	0	124504	901619	0	0	0	0	0	0	0	0
FFQ	2	0	0	0	0	0	0	0	0	0	0	11797	0	0	0	0	0	17645	0	0	243	0	0	3708	10037	0	17213	24618	40204	28866	0	125051	619778	0	81407	1019433	0	0	0	0	0	0	0	0
FFQ	3	0	0	0	0	0	0	0	0	0	0	3219	0	0	0	0	0	9441	0	0	59	0	0	2909	7460	0	13351	21641	37657	28322	0	125560	608880	0	76272	1065229	0	0	0	0	0	0	0	0
FFQ	4	123	0	0	0	0	0	0	0	0	0	7266	0	0	0	0	0	6057	0	0	3875	0	0	3556	0	0	8356	12935	831	17404	338	29509	655	41629	66792	0	490905	0	1309769	0	0	0	0	0
FFQ	5	0	0	0	0	0	0	0	0	0	0	3937	0	0	0	0	0	5041	0	0	4237	0	0	3552	0	0	9244	14297	824	19028	381	33085	694	44204	70446	0	483039	0	1307991	0	0	0	0	0
FFQ	6	0	0	0	0	0	0	0	0	142	0	1873	2064	0	0	0	122	374	3553	1091	3779	0	143	107	3623	1	9778	13479	1281	9645	8715	31494	1669	46695	67267	2	438575	41543	1312985	0	0	0	0	0
FFQ	7	0	0	0	0	0	0	0	0	204	0	2240	2327	0	0	1	128	406	4233	1191	3781	0	155	120	3742	0	10416	13958	1283	9924	8686	32024	1664	46517	67990	2	435828	41167	1312013	0	0	0	0	0
FFQ	8	0	0	0	0	0	0	0	0	189	0	2063	2183	0	0	0	135	435	4536	1175	3659	5	160	112	3608	2	10361	13714	1538	10248	8459	31827	1644	46547	67672	1	434544	40716	1314467	0	0	0	0	0
FFQ	9	0	0	0	0	0	0	1	0	209	0	2113	2242	0	0	0	167	431	4432	1238	3645	1	189	127	3636	3	10508	2055	13618	9595	8539	32083	1342	41942	46889	27525	145516	615	248567	126181	1266591	0	0	0
FFQ	10	0	0	0	0	0	0	0	0	263	0	2655	2483	2	0	1	219	481	5008	1346	3870	2	181	133	3716	9	11059	2218	15335	9015	8666	33231	1351	42858	47670	28738	148584	603	251390	124986	1253927	0	0	0
FFQ	11	0	0	0	0	0	2	0	0	257	12	2369	2272	0	0	0	247	463	4936	1339	3788	5	207	149	3729	75	10817	2232	17363	6787	8673	32634	1308	42392	47479	28676	147534	593	253357	128042	1252263	0	0	0
FFQ	12	0	0	0	0	0	4	0	1	316	45	2605	2371	2	0	0	254	488	4970	1372	3779	6	242	147	3807	104	10909	2319	20723	2974	8676	33142	1254	42707	47647	28836	148027	566	251563	131536	1248608	0	0	0
FFQ	13	0	0	0	0	0	4	1	11	322	54	2473	2390	0	3	0	264	522	4944	1461	4081	8	245	144	4026	166	11094	2382	23937	765	9094	34031	1317	43495	48359	28864	149717	532	254744	132846	1237704	0	0	0
FFQ	14	0	0	0	0	0	4	20	27	280	75	2380	2226	7	2	4	95	668	4796	1360	3880	9	246	139	592	3522	11045	2291	23604	580	8899	14946	19768	33012	45190	33336	24959	94274	76927	206930	133059	393716	857132	0
FFQ	15	0	0	0	0	0	0	42	25	280	113	2387	2245	16	5	21	103	689	4812	1383	4041	20	283	138	616	3717	10794	2299	23491	562	8959	15006	20314	32495	46155	33114	25551	95087	76956	208267	132391	395525	852098	0
FFQ	16	0	0	0	0	0	1	49	29	336	158	2589	2396	12	14	39	125	673	4955	1432	4162	27	297	192	663	3955	11118	2431	23875	732	9239	15296	20275	32955	46734	33240	25689	95505	77284	209680	131646	398327	843870	0
FFQ	17	11	0	0	0	0	0	52	46	383	168	2495	2347	20	31	66	136	715	4768	1484	4124	33	358	189	708	4008	10934	2526	23852	752	9398	15317	20474	33293	47153	33335	26519	96143	78101	211496	132822	400595	835148	0
FFQ	18	111	0	0	0	0	3	62	60	423	218	2515	2262	12	52	76	153	726	4709	1505	4344	28	383	244	731	4219	10912	2460	24226	880	9697	15346	20695	32975	48007	34114	27441	96290	78663	212683	132991	401763	828021	0
FFQ	19	17	0	0	0	0	1	87	73	493	246	2620	2313	11	66	88	176	605	215	6214	4449	30	512	269	857	4565	11122	2532	24586	929	9751	16045	21494	32737	29108	53138	28050	80962	74266	158160	168133	421454	843626	0
FFQ	20	31	0	0	0	0	5	110	97	462	324	2623	2455	19	89	115	200	674	295	5959	4361	40	505	284	910	4667	11054	2781	24315	952	9645	16487	21369	33223	29984	53703	28633	81373	74816	160289	171755	422727	832669	0
FFQ	21	12	0	0	0	0	6	164	159	581	376	2795	2501	37	131	138	245	799	429	6732	4788	75	615	355	1101	4791	11979	2949	26297	1165	9622	17703	21923	36441	30840	57029	30444	84124	80322	167617	191104	428992	774619	0
FFQ	22	0	0	0	0	0	24	202	216	725	395	2816	2548	67	156	162	356	810	505	6477	4780	113	670	436	1153	5241	11331	2850	25356	1228	10043	17564	22058	35030	30715	56561	30809	84597	80399	169075	192563	430730	771239	0
FFQ	23	0	0	0	0	0	96	229	262	714	456	2719	2327	90	193	192	424	839	513	5726	4420	184	719	462	1221	5759	10434	2958	23935	1359	10430	16788	21841	32494	30822	55249	31483	83016	80187	166829	194337	432914	777379	0
FFQ	24	0	0	0	0	0	134	256	416	833	533	2739	2313	121	236	269	455	1015	737	5392	4754	205	847	540	1384	6291	10255	3016	23753	1486	10637	17454	22333	32072	31139	54950	32608	83481	79378	171127	178845	412586	805410	0
FFQ	25	0	0	0	0	0	200	330	569	945	655	2933	2467	161	250	281	545	994	899	5662	4967	249	907	689	1538	6933	10165	3306	24172	1559	11070	18001	23091	32451	32203	55568	33064	84657	80406	174410	180827	410447	792429	0
FFQ	26	0	0	0	0	0	318	510	1089	1593	1148	4650	3360	165	288	270	603	1238	1292	6073	5262	246	980	717	1645	7477	9865	3271	23763	1556	10897	18120	22998	32040	32040	56585	34212	84925	81745	176212	184685	412214	775948	0
FFQ	27	0	0	0	0	0	434	518	1351	1872	1362	4992	3466	230	441	310	687	1431	1741	6053	5180	345	1004	793	1793	8182	9464	3452	24616	1736	11053	18914	22768	32799	32408	56431	34614	85312	82668	178125	185937	416784	760734	0
FFQ	28	0	0	0	0	0	472	556	1721	2052	1670	5114	3295	287	536	338	859	1675	2218	5802	5184	408	1036	881	2053	9232	8949	3391	24174	1895	11040	19484	23242	32303	32359	57006	35584	86632	83248	180983	185463	422858	746000	0
FFQ	29	0	0	0	0	0	582	578	2054	2385	2060	5482	3001	301	583	371	945	1901	2697	5232	5347	496	1129	1006	2214	10251	8519	3673	24280	1951	11023	20750	23506	32242	32855	57591	36851	86573	83561	185587	184327	430063	728033	0
FFQ	30	0	0	0	0	0	605	601	2450	2576	2418	5988	2838	371	682	370	1061	2311	3305	4796	5468	558	1169	1060	2499	11406	7826	3869	24156	2157	11607	22274	24090	31741	33597	57615	37748	88024	84076	189667	182364	436797	709860	0
FFQ	31	0	0	0	0	0	652	572	2654	2643	2948	6462	2191	401	811	398	1178	2584	3822	4077	5012	667	1200	1131	2583	11902	7161	3732	22093	2239	10309	22260	21834	29295	32333	55558	37674	82449	83917	179601	186867	423120	745670	0
FFQ	32	0	0	0	0	0	749	516	2931	2587	2803	5314	1425	414	733	399	1336	2802	3978	3254	4505	619	1297	1165	2618	12398	6760	3790	21136	2217	10304	24216	22018	28304	32114	55070	38761	81964	83484	181039	179442	423235	754303	0
FFQ	33	0	0	0	0	0	804	539	3215	2975	3339	5272	1108	427	740	440	1422	3154	3747	3100	4610	694	1274	1283	2830	13170	6604	3886	20531	2411	10562	25454	22134	26581	33241	54671	40908	82641	83578	185500	172038	424198	750919	0
FFQ	34	10	0	0	0	0	852	518	3470	3109	3996	5086	945	449	771	411	1546	3477	3353	2913	4914	825	1374	1347	2917	13672	6943	4136	19877	2550	11085	27182	22872	25137	33199	54765	42529	82474	82986	191276	166109	427412	743513	0
FFQ	35	0	0	0	0	0	897	573	3936	3324	4679	4618	862	475	808	471	1692	3983	2905	2927	4939	838	1435	1362	2927	13995	7960	4329	18911	2651	11250	29187	23264	23428	34294	54179	44264	81471	84461	195639	160440	428250	738376	0
FFQ	36	0	0	0	0	0	943	600	4290	3517	5359	4052	702	566	866	481	1837	4488	2417	3000	4927	923	1486	1509	3232	14108	8623	4421	17881	2708	11145	31043	23271	21669	34708	54406	47016	81024	84956	201991	153158	430702	731975	0
FFQ	37	0	0	0	0	0	1014	629	4580	3620	6112	3568	570	586	858	489	2076	4812	1983	3061	4970	1075	1529	1579	3305	14643	9389	4830	16646	3011	11606	32892	23906	19909	35673	54766	50335	81042	85092	208802	145835	430381	724826	0
FFQ	38	43	0	0	0	0	1157	599	4834	3807	7050	3045	532	576	956	508	2409	5123	1550	3183	5036	1130	1686	1632	3488	14535	10293	4921	16431	3115	11818	34784	23979	18675	37029	54520	52587	79556	85818	215238	139651	432236	716470	0
FFQ	39	0	0	0	0	0	1139	545	5009	3448	6565	2610	560	638	962	563	2437	5048	1180	3204	4461	1145	1514	1629	3528	13731	10095	4813	14398	3168	11432	33509	23456	16308	36389	52399	55315	76026	86623	201233	158749	444459	711712	0
FFQ	40	0	0	0	0	0	1222	571	5368	3612	7148	2492	538	588	983	548	2619	4817	918	3278	4478	1158	1604	1657	3770	13692	9930	4972	14249	3091	11491	34159	23744	16172	36791	51027	57786	73593	85076	201958	150483	441574	722843	0
FFQ	41	0	0	0	0	0	1288	583	5744	3764	7475	2327	553	604	976	569	2860	4821	823	3527	4730	1235	1694	1736	3904	13972	10116	5028	14181	3368	11838	34458	23963	15781	38139	50129	61483	70882	85566	201796	144847	438187	727053	0
FFQ	42	0	0	0	0	0	1291	553	6073	3862	7474	2293	631	666	1048	651	3250	4678	743	3499	4687	1327	1711	1832	4128	14061	10231	5293	13957	3546	12139	35052	24012	15870	39498	49788	65593	68317	85662	203463	141994	436735	724392	0
FFQ	43	0	0	0	0	0	1368	608	6575	3865	7759	2262	556	731	1129	698	3436	4355	758	3785	4701	1353	1760	1886	4310	14258	10129	5529	14052	3768	12177	35387	24370	15729	40580	48822	68503	65956	86207	203859	141368	438586	718825	0
FFQ	44	0	0	0	0	0	1427	607	7047	3969	7803	2253	606	728	1056	798	3727	4102	614	3935	4705	1444	1887	2034	4580	14600	9695	5637	14076	4006	12442	34981	24534	15972	42371	48291	72373	63236	87284	203965	141109	438491	713615	0
FFQ	45	0	0	0	0	0	1573	640	7408	3963	8114	2155	688	736	1233	758	3880	3676	646	3686	4683	2409	1374	2100	5158	14382	9610	5830	13639	4336	12578	35063	24787	16467	43918	47467	75366	61422	87397	205000	134535	444308	709015	0
FFQ	46	0	0	0	0	0	1605	641	7819	4123	8258	2316	693	792	1210	817	4341	3268	652	3840	4769	2540	1474	2166	5483	14725	9108	6067	13976	4689	13049	34783	25418	16499	45509	46850	78052	60758	88402	207013	133707	443837	700751	0
FFQ	47	0	0	0	0	0	1655	684	8148	3978	8023	2483	693	767	1334	845	4512	2722	693	4122	4912	2518	1521	2317	5808	14681	8478	6287	13739	4938	13104	33946	25503	16766	47081	46011	79151	60169	88626	208425	135287	447881	692192	0
FFQ	48	0	0	0	0	0	1684	705	8663	4036	8227	2628	701	817	1394	937	4807	2409	699	4242	4868	2688	1425	2428	6194	15086	8086	6595	14069	5344	13731	34176	26236	17277	49197	44840	80384	60834	89023	208998	133780	446454	686338	0
FFQ	49	0	0	0	0	0	1742	700	9194	4401	9128	2770	732	885	1424	1037	5430	2098	800	4336	4900	2872	1661	2576	4843	16933	7672	6852	14674	5901	14096	33917	26949	17833	51521	44915	78299	62871	92588	185940	158604	445430	673476	0
FFQ	50	0	0	0	0	0	1890	767	9569	4365	8062	2944	756	949	1599	1206	6110	1929	817	4567	4793	3085	1631	2730	5299	17122	7321	7180	14534	6418	14342	33952	27406	18000	53831	44617	80272	63714	94047	187504	160503	444194	661975	0
FFQ	51	0	0	0	0	0	1951	795	10038	4444	8318	3067	782	1010	1733	1245	5853	1433	963	4670	5078	3164	1743	2980	5876	17822	6943	7678	14805	7174	14688	33967	27773	18542	55425	44960	80494	65304	95702	189046	161899	442743	649892	0
FFQ	52	0	0	0	0	0	1989	831	10454	4711	7998	3378	770	1028	1851	1392	5825	1082	966	4925	5103	3266	1665	3187	6239	18113	6211	8172	14844	7544	15337	33245	28579	19261	56903	45782	81450	66700	96557	190079	162412	443741	638410	0
FFQ	53	0	0	0	0	0	2102	813	11157	4829	7904	3402	763	1065	2009	1405	5830	991	1036	5038	5035	3336	1709	3337	6752	18602	5358	8493	14830	8502	15739	32487	29527	19732	57412	46840	82406	68221	98411	190774	164135	442801	627217	0
FFQ	54	123	0	0	0	0	2153	861	11355	5077	7911	3600	869	1070	2166	1610	5512	842	1077	5305	5322	3658	1742	3615	7436	18650	4842	9093	14928	9214	15995	31943	30180	20532	57964	48693	82941	69972	99577	192452	166171	441586	613963	0
FFQ	55	0	0	0	0	0	2224	871	11995	5298	7777	3675	845	1090	2217	1890	5510	665	1096	5510	5409	3556	2039	3744	7782	12574	10657	9270	14773	10268	16459	31492	31312	21188	57224	50967	83599	71901	91678	201575	168255	439651	603964	0
FFQ	56	253	0	0	0	0	2320	922	12493	5232	7418	3921	835	1056	2414	2078	5351	573	1194	5686	5205	3759	2023	4030	8366	12018	10327	9755	14705	11046	16641	30577	31911	21855	57230	52896	84444	73394	93209	202515	169913	437912	594523	0
FFQ	57	940	0	0	0	0	2464	927	13029	5910	7519	4080	874	1149	2478	2205	5116	489	1253	6076	5561	3946	2040	4217	8953	12039	10076	10337	14921	12211	17661	29477	33761	22830	57357	56197	85803	76224	94032	202440	171340	434546	579522	0
FFQ	58	852	0	0	0	0	2569	961	13832	6183	7510	4192	891	1396	2841	2525	5313	472	1298	6342	5611	4152	2193	4797	10029	12022	9851	11232	14596	13711	18144	29953	34947	23658	58314	58726	86812	78848	97838	203607	174609	430428	558745	0
FFQ	59	49	0	0	0	0	2578	997	14231	6250	6629	4381	1017	1519	3092	2356	5111	389	1348	6636	5251	3933	1919	5686	9516	10843	9467	12582	14071	14677	18371	28272	35372	24349	57598	61262	87843	79609	100968	204040	173099	430040	554649	0
FFQ	60	0	0	0	0	0	2720	924	14618	6553	6187	4566	959	1506	3141	2401	4460	327	1313	6754	5334	4038	2002	6122	9960	9925	9511	13281	14308	15819	18771	26472	35950	24934	56026	63810	88089	83723	102070	203661	176845	428133	544787	0
FFQ	61	0	0	0	0	0	2713	1036	15210	6951	6032	4787	973	1452	3372	2529	3965	364	1368	7061	5245	4180	2071	6413	10394	9194	9481	13908	14040	16997	19124	25151	37482	26190	55953	67436	88728	86043	103614	203546	178340	422984	535673	0
FFQ	62	0	0	0	0	0	2873	1039	15606	7438	5743	4977	1014	1425	3628	2618	3662	362	1483	7600	5481	4344	2150	6767	11092	8427	9826	14782	13794	18418	19875	23978	38591	27466	54978	71082	89727	89895	106602	202533	180688	417841	522195	0
FFQ	63	0	0	0	0	0	2930	1072	16362	8064	5129	5210	1034	1373	3790	2653	3461	367	1507	7783	5532	4449	2230	7287	11347	7816	9978	15646	13377	20011	20972	23010	40364	28503	54039	75210	90983	93632	109522	203050	183113	411225	507969	0
FFQ	64	0	0	0	0	0	3076	1066	16724	8546	4695	5460	1089	1409	4105	2719	3124	401	1553	8206	5498	4764	2304	7689	11913	7099	10440	16508	13151	21622	21522	21891	42211	29844	53943	79722	92152	97942	112619	202824	187061	404556	490552	0
FFQ	65	0	0	0	0	0	3118	1076	17241	8986	4238	5665	1149	1458	4375	2747	2769	567	1573	4745	9165	5009	2353	7662	13027	6387	10569	17145	12156	23332	23349	21061	43334	31376	53104	83617	94653	101679	116911	202172	190095	398380	473757	0
FFQ	66	0	0	0	0	0	3253	1123	18122	9742	3877	5864	1124	1535	4548	2763	2689	551	1589	4967	9522	5256	2468	8439	12908	5841	10834	18125	11893	24801	24398	19667	45765	32567	52207	87763	97082	106218	120052	201643	193863	389868	457073	0
FFQ	67	0	0	0	0	0	3258	1133	18592	10239	3280	6016	1141	1523	4797	2607	2529	557	1666	5063	9538	5397	2516	8804	13176	5188	11130	19259	11240	26386	25135	19040	46868	33867	51233	92843	100106	110967	123459	201598	197219	382755	439875	0
FFQ	68	0	0	0	0	0	3427	1121	18985	10633	2825	6436	1266	1484	5107	2575	2407	559	1637	5248	9847	5573	2606	9502	12985	4600	11507	20102	10903	27577	26098	18027	49311	35620	50556	97117	103424	115661	126557	201045	200663	374319	422690	0
FFQ	69	0	0	0	0	0	3565	1090	19708	11097	2399	6617	1266	1555	5350	2469	2237	570	1694	5449	9858	5722	2741	10363	13021	4399	11979	21651	10462	29013	27649	17909	51335	37182	49145	102279	107397	121567	130208	199309	203465	363115	405165	0
FFQ	70	0	0	0	0	0	3651	1153	20370	11690	2023	6780	1291	1586	5682	2389	2141	606	1838	5813	10181	5945	2864	9905	11957	5554	12464	23105	10018	29642	28457	17366	53206	39124	48391	107028	112496	128069	134073	197930	207647	352391	385174	0
FFQ	71	0	0	0	0	0	3748	1101	20933	12041	1567	7081	1311	1610	5822	2252	2025	600	1880	5920	10147	6122	3015	10516	11303	5430	12761	23967	9465	30301	29386	17611	55058	40904	47695	111513	117467	134768	137917	195071	213346	342016	366330	0
FFQ	72	0	0	0	0	0	3751	1131	21751	12381	1370	7055	1366	1694	6002	2091	1967	625	1920	6350	10313	6320	3150	11489	11001	5265	13310	25388	9017	30792	30955	17774	56982	43407	46723	117086	124223	141685	141282	191971	216077	329076	347260	0
FFQ	73	0	0	0	0	0	3853	1211	22320	12832	1143	7358	1454	1657	6212	2016	2024	642	1956	6701	10399	6578	3212	12235	10307	5267	13685	26468	8579	31254	32317	18219	59315	45326	45735	121945	131863	149361	145674	187995	220398	315805	326684	0
FFQ	74	0	0	0	0	0	3932	1086	23040	12766	847	7756	1482	1718	6412	1960	1989	700	1949	6953	10215	6868	3515	12750	9536	5094	14020	28095	7996	30926	33803	19223	60787	47154	45376	125708	140180	157232	150316	182497	226457	301463	308199	0
FFQ	75	0	0	0	0	0	4072	1144	23873	12850	702	7964	1532	1746	6705	1854	1995	671	2026	7285	10587	7009	3472	13096	8821	5150	14667	27927	9200	30920	35452	20023	61979	49228	45299	130776	148467	165344	154361	177065	230770	287203	288765	0
FFQ	76	0	0	0	0	0	4082	1094	24028	13080	528	10642	2352	2026	9879	2234	2407	564	2135	6794	11313	10540	5110	20254	12879	6666	15946	39639	9514	58724	45991	39884	105709	75957	66111	209200	142007	186852	159730	187357	286273	160793	61706	0
FFQ	77	0	0	0	0	0	4135	1127	24622	12600	415	9592	1919	1885	7858	1601	2161	623	2165	7071	10704	8856	4249	16552	8941	5738	15106	34544	8525	39634	41736	30334	81478	67865	55318	184519	157666	198119	147638	185537	329604	214745	74818	0
FFQ	78	0	0	0	0	0	4101	1038	25410	11977	280	9039	1787	1741	6917	1414	2095	627	2054	7497	10298	8143	4017	15240	7223	5431	15232	32103	7936	31745	40500	26017	69687	60967	49130	161984	175907	199026	161629	168835	286221	246240	140512	0
FFQ	79	0	0	0	0	0	4271	1053	25806	11677	171	9066	1705	1712	6449	1218	2083	669	2083	7898	10310	8206	3891	14273	6279	5401	15678	31538	7713	28143	40367	25364	65436	57808	47961	154379	193039	202706	176063	150937	265614	226441	186592	0
FFQ	80	1	0	0	0	0	4397	1052	26188	11532	123	9135	1803	1695	6274	1082	2142	701	2163	8371	10142	8247	3888	13629	5834	5320	16050	31438	7710	25662	40683	25270	63023	57671	48329	154689	208575	210851	188488	136832	260145	206233	194632	0
FFQ	81	0	0	0	0	0	4575	1018	26973	11369	59	9301	1750	1783	6146	984	2137	646	2140	8924	10029	8537	4022	13705	5196	5504	16830	32241	7917	24559	43013	25886	62572	58085	49697	158983	222915	218834	198310	126282	258992	186092	183994	0
FFQ	82	12	0	0	0	0	4778	927	28177	11502	34	9444	1949	1865	6031	888	2106	738	2213	9541	10003	8627	4059	13706	4851	5651	17719	33144	8048	23337	44479	27003	63294	60051	52241	164921	237826	227432	207716	116414	258102	165261	165910	0
FFQ	83	0	0	0	0	0	4838	1034	28577	11477	18	9844	2022	1888	6154	792	2209	731	2304	10015	9868	9101	4194	13718	4778	5864	18120	34292	8488	22597	46801	28488	63501	61936	54260	172365	253481	236194	216147	106422	255985	146432	145065	0
FFQ	84	0	0	0	0	0	4925	977	29889	11243	7	10115	2053	1930	6069	777	2234	710	2335	10443	10023	9788	4490	13568	4615	6177	19140	35253	8577	21632	49279	30013	64946	63155	56913	180058	269009	244770	224310	97681	251425	126987	124484	0
FFQ	85	0	0	0	0	0	4820	1011	30729	10646	5	10221	2228	1982	6199	704	2422	706	2490	10702	10423	10063	4661	13191	4652	6357	19837	36638	8882	20579	51146	30872	65827	65635	59339	189260	285369	254309	231137	88669	245061	109168	104060	0
FFQ	86	0	0	0	0	0	5138	955	31990	10461	2	10496	2292	1992	6053	653	2403	758	2508	11103	10104	10523	4851	12863	4547	6740	20605	37887	9259	19320	53739	32088	67312	67362	62181	198664	302962	261776	237004	79421	236978	91227	85783	0
FFQ	87	0	0	0	0	0	5207	1025	32926	10102	1	10859	2398	2082	5843	649	2464	747	2532	11626	10204	11046	4986	12339	4600	6657	21424	38200	9456	18189	55232	33156	68164	69512	65055	208311	320446	270408	242883	70445	226221	75335	69270	0
FFQ	88	0	0	0	0	0	5133	945	33844	9758	4	11405	2350	2097	5613	556	2575	767	2595	12031	10328	11384	5182	11817	4464	7082	22580	39285	9951	17058	58358	33666	70243	71424	67786	219377	338687	276083	245956	62419	211282	61235	54680	0
FFQ	89	0	0	0	0	0	5325	997	34984	9657	10	11560	2430	2218	5451	567	2638	832	2812	12699	10703	11862	5324	11396	4468	7420	23445	40670	10205	15832	60111	34387	72231	74125	70611	230296	356785	282443	246733	53941	193762	48547	42523	0
FFQ	90	0	0	0	0	0	5471	936	36113	9359	9	11753	2603	2299	5396	490	2679	858	2749	13169	10741	12611	5638	10850	4765	7526	24489	41611	10617	14846	63052	34752	74519	75701	73953	240825	375479	287697	244998	46388	175163	37379	32516	0
FFQ	91	0	0	0	0	0	5600	886	37467	8881	5	12138	2749	2294	5284	494	2855	859	2921	13496	10956	12834	5813	10002	4837	7628	25538	41973	11182	13709	65619	34946	76520	78714	76328	252281	395875	291094	241185	39497	155411	28111	24018	0
FFQ	92	0	0	0	0	0	5581	916	38663	8474	3	12554	2747	2434	5006	489	2892	809	2995	13715	11135	13823	5796	9383	4908	8051	26918	42691	11665	12604	67704	34901	78371	79804	78285	265029	415680	294491	235654	32646	135286	20884	17013	0
FFQ	93	0	0	0	0	0	5775	908	40025	7978	3	12906	2879	2526	4821	519	2991	937	3104	14250	11582	14451	5928	8636	5232	8400	27987	43489	12258	11582	70647	34564	81378	82507	79906	277066	433004	296524	226505	26890	115022	14899	11921	0
FFQ	94	0	0	0	0	0	5949	867	41390	7870	4	13261	3018	2699	4591	471	3060	991	3160	14961	12086	14842	6014	8024	5337	8647	29356	43933	12584	10550	73408	34709	84165	84885	81708	290194	450082	296680	214628	21816	95601	10373	8086	0
FFQ	95	0	0	0	0	0	5980	925	42464	7129	6	13774	3097	1721	5687	503	3153	977	3385	15358	12220	15806	5991	7377	5549	8883	30511	43982	12857	9617	75883	34057	86309	88331	82928	302117	467812	297081	200912	16765	78189	7259	5405	0
FFQ	96	0	0	0	0	0	6145	822	43859	7018	6	14259	3202	1750	5353	448	3278	1006	3388	15363	12759	16500	6098	6606	5835	9115	32388	44814	13557	8953	78596	33908	88548	90203	84048	314867	483394	295569	183774	13179	62938	4850	3604	0
FFQ	97	2	0	0	0	0	6355	823	45604	6419	5	14491	3246	1801	5252	402	3293	1045	3602	15886	13378	17318	6096	5896	6127	9634	34181	44248	14051	8385	81674	33515	91516	93588	85265	327176	497754	291965	165593	10295	48640	3196	2283	0
FFQ	98	17	0	0	0	0	6462	901	47099	6110	6	15043	3579	2018	4993	467	3526	1062	3701	16680	13951	18209	6015	5356	6360	9751	36078	44109	15107	7807	84406	32944	93621	96779	85937	340058	509666	286653	147490	7524	36998	2068	1449	0
FFQ	99	34	0	0	0	0	6693	813	49297	5933	8	15397	3764	2136	4803	450	3619	1102	3851	17105	14377	19190	5890	4876	6729	10457	38308	44297	15530	7387	88090	32905	95533	99221	85882	349369	520507	281223	130049	5462	27552	1272	889	0
FFQ	100	7227	0	0	0	0	8490	3057	112065	11975	7	21331	9021	4943	9385	1227	4953	2563	7108	42784	22097	42102	14125	9498	11117	16057	68338	96692	21753	12137	153914	46000	148678	128153	77469	334562	322244	152871	61486	1877	12073	411	210	0
# Last Fragment Qualities. Use `grep ^LFQ | cut -f 2-` to extract this part.
# Columns correspond to qualities and rows to cycles. First column is the cycle number.
LFQ	1	3744	0	0	0	0	0	0	6442	0	0	13898	0	2381	0	0	2977	16013	0	1287	167	1688	0	5828	12448	1650	15143	38245	44792	48620	4364	142848	699823	0	133324	804318	0	0	0	0	0	0	0	0
LFQ	2	5411	0	0	0	0	0	0	6027	0	0	10613	0	1996	0	0	1704	17328	0	1217	54	1713	0	6661	10773	1609	16223	34646	48375	47743	4364	128490	646420	0	81924	926709	0	0	0	0	0	0	0	0
LFQ	3	5031	0	0	0	0	0	0	6358	0	0	11490	0	2036	0	0	1832	16755	0	1272	34	1802	0	7390	10390	1520	15578	33942	51486	46399	4522	123877	625589	0	71124	961573	0	0	0	0	0	0	0	0
LFQ	4	5183	0	0	0	0	0	0	6069	0	0	10504	0	2047	0	0	0	7120	4978	1284	5724	1821	0	5552	1791	1641	10086	15547	8290	23118	1046	37881	6257	65993	68770	0	482933	0	1226365	0	0	0	0	0
LFQ	5	5433	0	0	0	0	0	0	6183	0	0	9801	0	1974	0	0	0	6832	4664	1317	5391	1876	0	5488	1765	1668	10109	15570	8395	23058	1046	38046	6031	66037	69339	0	485428	0	1224549	0	0	0	0	0
LFQ	6	4955	0	0	0	0	0	11	1314	5245	0	4711	4292	296	1821	76	563	1119	9216	1729	5545	288	870	2485	5231	1198	10390	14139	6754	14178	10952	35721	9543	67773	65371	1	443132	43937	1227144	0	0	0	0	0
LFQ	7	4696	0	0	0	0	9	5	1495	6005	0	5989	5270	327	1678	81	532	1226	9829	1896	5877	259	852	2524	5420	1243	10874	14875	6791	14154	11468	36217	9375	67345	66478	2	441829	43409	1221970	0	0	0	0	0
LFQ	8	4556	0	0	0	0	9	7	1415	5642	0	5177	4626	321	1778	58	579	1251	9480	1839	5321	287	889	2353	5442	1300	10783	14117	7409	13695	11172	35654	9715	67625	65402	2	442018	44440	1225638	0	0	0	0	0
LFQ	9	3972	0	0	0	0	14	8	1596	5793	0	5503	4884	330	1815	84	631	1301	9341	2066	5777	286	925	2492	5448	1289	10560	3281	19363	13127	11647	35775	9258	49185	50246	34861	148125	1016	250317	121060	1188624	0	0	0
LFQ	10	4165	0	0	0	0	20	5	1739	6024	0	5960	5349	304	1744	108	660	1303	9471	2222	5787	275	939	2496	5742	1252	11074	3320	20722	12019	11661	36806	8839	50528	50964	33904	149003	955	250893	123957	1179790	0	0	0
LFQ	11	4116	0	0	0	0	27	5	1678	5973	55	5122	4655	310	1836	115	705	1344	9548	2018	5510	261	1049	2505	5704	1346	10913	3295	23044	9673	11568	37478	7973	51602	51065	34358	149503	856	252548	124784	1177458	0	0	0
LFQ	12	3674	0	0	0	0	30	15	1821	6265	87	5356	4818	341	1876	115	768	1355	9723	2241	5768	268	1009	2467	5989	1327	11147	3349	26748	6663	11898	38253	7586	51816	51836	34018	151363	833	254423	124892	1169862	0	0	0
LFQ	13	3974	0	0	0	0	29	7	1900	6294	157	5190	4467	323	1963	124	897	1431	9474	2137	5705	265	1060	2551	5749	1521	11206	3343	28259	4477	11879	38158	7556	51850	51625	33925	151967	847	256819	127098	1165773	0	0	0
LFQ	14	3566	0	0	0	0	26	228	1988	6324	264	5409	4778	331	1946	147	423	1744	9710	2136	5969	273	1148	2599	2294	5171	11269	3490	28926	4544	12064	21212	24542	40929	49155	37944	24262	96694	75945	207058	140484	399836	765172	0
LFQ	15	3921	0	0	0	0	34	399	1971	6827	374	5577	4976	383	1959	227	441	1693	9335	2181	6201	346	1152	2590	2314	5423	11563	3516	29210	4626	12121	21178	24371	41476	49400	38451	24613	97305	75862	208379	140544	401292	757769	0
LFQ	16	3881	0	0	0	0	39	479	2225	7274	456	6529	5672	427	2093	286	490	1847	9799	2399	6790	319	1267	2576	2462	5900	11720	3554	29550	4814	12246	21171	24568	41483	50009	38184	25258	97686	76984	210314	140916	398991	749342	0
LFQ	17	4149	0	0	0	0	60	570	2191	7699	543	6332	5458	397	2186	334	520	1787	10059	2291	6385	377	1339	2691	2448	5858	11715	3376	29987	4989	12285	21338	24438	41793	49494	39251	25738	98127	77902	211515	142888	400519	740971	0
LFQ	18	4567	0	0	0	0	56	713	2173	7779	546	5486	5036	425	2330	407	572	1722	9732	2308	6183	391	1341	2760	2536	5907	11454	3567	29927	5163	12393	21261	24868	41679	50447	39681	26328	99289	79037	214205	143267	402982	731482	0
LFQ	19	5042	0	0	0	0	67	760	2439	8283	695	6131	5599	408	2580	409	616	1675	1313	11288	6641	305	1415	2812	2589	6266	11497	4350	30577	5357	12780	21336	25209	41524	33331	58649	27385	80664	78339	158471	179547	423560	740091	0
LFQ	20	4767	0	0	0	0	79	893	2564	8372	801	6078	5488	434	2570	436	739	1717	1533	11432	6539	369	1495	2863	2557	6446	11429	4309	30018	5481	13004	21879	24553	41535	33925	58476	27856	81034	79378	159554	184738	424107	730552	0
LFQ	21	4403	0	0	0	0	87	969	2999	8483	871	5808	4991	515	2662	474	711	1791	1890	10831	6456	423	1612	2995	2787	6464	11342	4468	30049	5564	12839	21467	24769	41083	33895	58679	28355	82086	79794	161581	187644	426049	722114	0
LFQ	22	4439	0	0	0	0	141	1021	3258	9647	1163	7313	6447	586	2802	498	868	1987	2113	10961	7095	479	1713	3028	2881	7509	11750	4548	30540	5609	13245	22128	25191	39949	34343	58681	29380	82391	79799	163656	189803	424171	708867	0
LFQ	23	3898	0	0	0	0	368	838	3603	9181	1148	6255	5409	730	2938	525	975	2101	2672	10660	6477	603	1731	3093	3027	7410	11235	4601	29630	5775	13066	22201	24927	40451	34380	59468	30324	82256	82006	165007	196634	423402	700995	0
LFQ	24	4115	0	0	0	0	394	955	3916	9319	1285	6204	5204	684	2870	545	1031	2543	2526	9930	6615	704	1891	3259	3199	8009	11286	4686	29898	5939	13363	22780	25539	39989	34990	59669	31366	83771	83298	170791	185787	404521	717129	0
LFQ	25	4248	0	0	0	0	466	1087	4231	9491	1641	6809	5299	702	3000	551	1194	2468	2718	9638	7006	733	1980	3280	3370	8723	11142	4968	29594	6096	13832	23339	26359	39769	36112	60593	32346	84831	85099	173796	191948	402598	698943	0
LFQ	26	4767	0	0	0	0	579	1196	4309	9048	2035	7783	5528	724	3180	598	1266	2671	3076	9138	7121	765	1981	3361	3678	9526	11054	5138	29955	6393	14157	24144	26285	40054	36658	60733	32845	85528	86576	175879	196525	405456	680290	0
LFQ	27	4682	0	0	0	0	708	1057	4661	9155	2383	7542	4968	826	3103	646	1331	3075	3657	8795	7006	830	2128	3596	3746	9966	10756	5153	29713	6483	14201	25005	26203	40442	37167	61304	34043	85845	87478	179028	198945	408906	665467	0
LFQ	28	4427	0	0	0	0	811	1109	5159	9626	2856	8349	4926	828	3064	644	1528	3528	4248	7977	7212	1026	2202	3571	3913	11147	10590	5329	29539	6664	14372	26344	26495	40011	37904	62165	35267	87744	88130	182363	198246	415126	645560	0
LFQ	29	4325	0	0	0	0	863	1155	5493	9614	3309	8152	4039	903	3153	702	1626	3975	4827	7272	7121	1013	2275	3693	4259	12119	10229	5491	29443	6926	14468	27417	26970	39549	39135	62650	36125	87788	89163	185648	197734	422202	629174	0
LFQ	30	4056	0	0	0	0	1027	1208	6053	9993	3860	8635	3417	974	3209	695	1771	4656	5335	6406	7289	1155	2221	3854	4473	13383	9867	5721	28558	7184	15248	28985	26735	39018	39525	63202	37971	89481	89591	191279	195601	429714	608650	0
LFQ	31	3271	0	0	0	0	1111	1247	6523	10820	5185	9678	3032	1110	3227	748	2765	5028	5840	6017	7733	1238	2301	3959	4819	15103	9952	5920	28926	7554	15357	30913	27642	38402	40488	63438	39568	89911	90124	197360	192961	435918	584811	0
LFQ	32	3896	0	0	0	0	1156	1286	6837	10807	5558	8748	2106	1003	3340	730	2504	5493	6148	5134	7369	1386	2446	4079	4907	15595	10175	6140	28109	7544	15380	33318	27798	37313	41282	63809	41359	90207	91042	202120	191897	442718	569261	0
LFQ	33	3907	0	0	0	0	1363	1249	6989	10389	6042	8141	1503	1036	3363	746	2509	5752	5474	4571	6356	1410	2540	4071	4779	14938	10056	5940	24438	7926	14015	33368	25959	33562	39292	59918	41352	84401	90830	190801	198796	436416	605802	0
LFQ	34	3186	0	0	0	0	1428	1317	7321	10683	6995	7315	1260	1161	3274	826	3328	6486	5066	4563	6403	1534	2610	4068	4663	15059	11076	6151	23383	8116	14174	35442	25949	31771	39787	58436	43292	84389	88073	193663	184971	431135	621646	0
LFQ	35	3691	0	0	0	0	1485	1270	7836	11257	8517	6878	1141	1104	3306	811	3340	7447	4366	4864	6633	1634	2552	4188	5003	15795	12094	6127	22411	8169	14744	37949	26045	30234	40748	57976	45429	82058	87989	198736	173209	426548	626416	0
LFQ	36	3955	0	0	0	0	1596	1293	8122	10730	8529	5048	1080	1118	3319	808	3242	7855	3621	4764	6229	1744	2747	4370	5043	15359	13447	6520	21049	8594	14507	40475	26574	27933	41816	57586	47987	82407	89070	204232	164609	428393	624229	0
LFQ	37	4568	0	0	0	0	1613	1325	8693	11311	9831	4409	947	1157	3333	802	3613	7957	2759	4899	6288	1742	2805	4471	5119	16074	14197	6687	19600	8740	14893	42467	26720	26410	42765	56943	51785	82394	89566	212557	156110	427541	616909	0
LFQ	38	4529	0	0	0	0	1662	1362	9009	11322	10666	3685	1028	1216	3456	880	4017	8311	2192	5172	6311	1861	2818	4575	5357	16114	14856	6763	19070	8988	14856	44070	26723	24851	44243	56404	54927	81020	90180	218249	150824	428471	609962	0
LFQ	39	5138	0	0	0	0	1800	1336	9541	11681	11440	3141	1059	1239	3527	933	4356	8382	1808	5307	6352	1967	2747	4783	5613	16375	15157	6952	18631	9103	15268	45039	27078	24070	45410	55243	58850	78293	89547	208857	160811	431081	602085	0
LFQ	40	4086	0	0	0	0	1882	1430	10125	11792	12458	2886	1063	1410	3482	995	5364	8628	1557	5536	6425	2043	2923	4932	5871	16953	16015	7426	18227	9731	15245	47189	26762	23774	46625	55447	62797	76812	90837	211758	156267	428542	594705	0
LFQ	41	4178	0	0	0	0	2017	1507	10644	11926	13139	2775	1073	1443	3703	1090	5747	8325	1399	5782	6512	2183	3093	5089	6287	17385	15996	7665	18120	10020	15738	47927	27091	23132	48900	54936	67871	74106	91422	215633	155973	427630	582543	0
LFQ	42	2902	0	0	0	0	2140	1452	10998	11094	12051	2950	1154	2555	3806	1150	5510	7417	1306	5832	5928	2273	3144	5149	6073	16483	14668	7521	17064	10309	15070	45602	25724	22557	48098	51021	70768	68106	94131	214802	171145	443445	568602	0
LFQ	43	2940	0	0	0	0	2255	1434	11527	11032	11494	2831	1136	2719	3844	1175	5852	6695	1270	5906	5802	2445	3160	5158	6401	16516	14362	7934	17205	10562	15516	45407	25225	22835	49557	50227	73647	65456	91251	213339	163706	442048	580131	0
LFQ	44	3241	0	0	0	0	2226	1456	12232	11088	11782	2940	1142	2077	3702	1209	6266	6096	1269	6107	5915	2547	3310	5552	6426	16537	13347	7993	17294	10747	16064	45145	25006	23185	51304	48641	76494	62765	91291	213308	160608	442980	580708	0
LFQ	45	3250	0	0	0	0	2443	1464	12733	11183	11803	2953	1139	1773	3858	1304	6623	5500	1163	6091	5862	4052	2592	5337	7188	17168	13703	8512	17183	11468	16537	45801	25106	23126	53232	48867	78811	61238	90772	213402	149129	444272	583362	0
LFQ	46	2659	0	0	0	0	2659	1450	13123	11449	11716	3253	1185	1975	3888	1423	7064	5003	1210	6257	5894	4166	2849	5362	7709	17495	13198	8724	17228	11671	17166	46692	25756	23678	55776	47229	81515	60400	91194	214799	148272	443173	575740	0
LFQ	47	2531	0	0	0	0	2726	1550	13803	11538	11930	3366	1230	1919	4065	1520	7592	4368	1291	6378	6001	4256	2799	5648	8148	17713	12683	8854	17488	12024	17798	46494	25870	24104	58135	47040	83321	60098	93203	216146	148740	442359	565271	0
LFQ	48	2774	0	0	0	0	2765	1512	14529	11673	11736	3669	1301	1716	4078	1665	7975	3639	1361	6406	6152	4303	2896	5847	8462	18128	11945	9234	17694	12275	17867	45946	26598	24318	60196	46193	84654	60878	94069	218452	149075	441271	556748	0
LFQ	49	2645	0	0	0	0	2883	1578	15151	11915	12309	3900	1271	1924	4317	1762	8329	3142	1374	6716	6429	4535	2805	6070	7314	20076	10944	9829	18163	12903	18736	45067	27099	24975	62351	45556	81286	63476	97743	194889	174535	439195	546808	0
LFQ	50	2570	0	0	0	0	3138	1694	15763	11825	11615	4040	1314	2033	4368	1969	8743	2780	1459	6822	6326	4686	2972	6111	7918	20317	10589	10127	18188	13817	19297	44772	27766	25462	63858	44990	81907	64735	98308	195665	175881	438376	537799	0
LFQ	51	3155	0	0	0	0	3180	1692	16068	11890	11098	5591	1932	2301	6120	2719	12719	2694	1405	6589	4653	5799	3442	7965	10376	25413	16809	12183	16607	21694	17609	79898	33067	24815	115307	53982	125542	69340	223366	299120	304545	325122	114193	0
LFQ	52	2645	0	0	0	0	3241	1767	16683	11806	10637	5024	1647	2478	5525	2560	10288	2022	1424	6970	5051	5626	3176	7212	9777	21955	10951	11832	16654	18566	18627	54481	31012	27043	82447	46972	104523	61744	161687	276188	342721	445016	152022	0
LFQ	53	3461	0	0	0	0	3260	1725	17356	11974	10135	4840	1527	2052	5197	2447	8806	1699	1518	7045	5394	5514	3137	7069	9443	20644	8552	11651	17120	17189	19236	44585	29573	27563	70395	45961	90119	65244	116769	231724	258675	488980	322421	0
LFQ	54	3695	0	0	0	0	3464	1736	17767	11846	9253	4842	1487	2093	5003	2571	8084	1534	1543	7321	5475	5555	3015	7033	9677	20096	7076	11661	16570	17006	19777	40055	29462	27076	66128	46602	84102	67091	103511	206631	208971	452829	462362	0
LFQ	55	4176	0	0	0	0	3587	1787	18465	11819	8912	5009	1568	2083	5093	2837	7378	1325	1668	7134	5688	5454	3279	6753	9726	14569	11653	11941	16279	17742	20233	37310	29746	27384	63402	48371	82026	68364	93640	202139	188284	435112	518064	0
LFQ	56	5034	0	0	0	0	3707	1906	18990	12190	8703	5266	1609	1898	5183	3041	6929	1249	1756	7431	5766	5563	3381	6898	10462	14144	11445	12402	16164	18285	20950	34945	30477	27820	62690	49735	81251	69895	91698	196547	181720	427011	535859	0
LFQ	57	5044	0	0	0	0	3824	1873	19751	12301	8240	5546	1748	2034	5403	3202	6629	1227	1743	7636	5584	5863	3435	7211	10849	13891	11003	12881	15836	19402	21393	33739	31041	28310	61645	52219	80935	71818	92721	194143	179822	420998	539060	0
LFQ	58	5308	0	0	0	0	3959	1985	20379	12789	7837	5657	1680	1952	5539	3430	6262	1157	1771	7998	5704	6089	3484	7514	11655	13462	10901	13469	15910	20357	22127	32205	32260	29301	61453	55248	81167	74039	94048	192982	179940	417686	531296	0
LFQ	59	5974	0	0	0	0	4044	1942	20803	12861	7249	6002	1680	1955	5906	3249	5801	1145	1872	8572	5736	5836	3396	8581	11261	12433	10265	15736	15682	21815	22569	30308	33590	29923	60684	57887	81743	76207	95934	192421	175615	415220	528103	0
LFQ	60	5929	0	0	0	0	4276	1954	21627	13706	6961	6307	1672	2207	6089	3256	5471	1155	1924	8798	5815	5909	3343	8907	11714	11850	10420	16748	15421	22720	23264	29169	34626	30978	60025	61009	82350	78532	98165	191194	177990	410105	518414	0
LFQ	61	3841	0	0	0	0	4348	1959	22617	14123	6293	6475	2371	3168	6469	3503	5197	1045	1939	8970	5587	6201	3424	9354	12391	10820	10481	17233	15104	23740	24002	27710	35718	31980	58752	64427	82534	81579	100440	191144	181282	407401	506378	0
LFQ	62	3563	0	0	0	0	4510	2008	23054	14334	5746	6887	2622	3157	6684	3605	4630	1034	2021	9547	5595	6478	3598	9852	12943	10339	10770	18056	14784	25371	24341	26564	36931	32581	58238	67753	83655	84203	102919	190022	183457	401614	496534	0
LFQ	63	3403	0	0	0	0	4605	2030	24036	15282	5285	6951	2555	2385	6908	3676	4378	1109	2146	9985	5593	6785	3663	10553	13370	9803	10983	19291	14409	26768	25182	25151	38614	33933	57533	71898	84088	87594	105263	188774	185151	396263	484604	0
LFQ	64	3120	0	0	0	0	4883	2071	24936	15975	4778	7267	2743	2308	7327	3731	4166	1091	2194	10227	5598	7058	3713	10835	13620	9145	11380	20131	14188	28869	26414	24269	40374	35413	56724	76177	85882	91259	107859	188085	188788	388698	468704	0
LFQ	65	2858	0	0	0	0	5088	2026	25369	16225	4048	7521	2859	2353	7617	3644	3664	1294	2189	6940	9240	7330	3822	10286	15129	8380	11470	21323	12722	30396	28231	23689	41734	36398	55564	80324	87346	95190	111144	189016	192493	382070	453008	0
LFQ	66	3141	0	0	0	0	4995	1985	26254	16907	3586	7750	2346	2310	8104	3648	3432	1306	2215	7114	9431	7499	3893	10917	14955	7853	11849	22555	12174	31611	29894	22367	43726	38038	55133	84212	89399	100262	114194	187857	196486	374339	436263	0
LFQ	67	3434	0	0	0	0	5360	2111	26923	17549	3095	8195	2249	2393	8345	3506	3246	1283	2295	7463	9555	7782	4113	11703	15686	6820	12209	23913	11774	33069	30574	22121	46051	39456	54218	89213	91931	105046	117200	188005	199894	364387	417833	0
LFQ	68	4160	0	0	0	0	5297	2102	27797	18039	2581	8412	2272	2314	8876	3311	3132	1277	2352	7601	9851	8087	4080	12231	15203	6512	12503	25035	11540	33890	31591	21497	48252	40818	52914	94443	94436	109037	119711	186561	205421	355669	401195	0
LFQ	69	3918	0	0	0	0	5559	2017	28381	18041	2091	8578	2545	2377	8655	3185	2964	1304	2437	7825	9981	8256	4340	12657	15105	6045	12877	26071	10604	34061	32661	20938	49657	42634	51896	98050	98613	115026	122760	185272	209247	347428	385944	0
LFQ	70	3661	0	0	0	0	5624	2049	29701	18681	1607	8913	2471	2384	8947	3012	2926	1260	2464	8156	9834	8540	4454	12539	13518	7725	13433	27682	10230	34957	33890	20684	51083	44766	50635	102747	103201	121272	125847	183336	212086	337554	368131	0
LFQ	71	3621	0	0	0	0	6005	2048	30357	19278	1303	9224	2702	2435	9210	2756	2805	1275	2592	8579	9912	8829	4650	13018	13432	7618	14122	28725	9752	35744	35656	20873	53397	46465	49568	107944	107958	127652	129484	180198	216091	324556	350166	0
LFQ	72	3553	0	0	0	0	6163	1921	31516	19389	1079	9532	2685	2399	9636	2741	2839	1276	2609	8990	10160	9145	4903	13742	13057	7444	14611	30295	9271	35993	36657	21327	55712	48219	48389	112026	114735	134382	132405	177254	220315	311581	332049	0
LFQ	73	3800	0	0	0	0	6166	1914	32236	19427	759	9861	2608	2520	9792	2595	2943	1338	2713	9227	10391	9243	5049	14508	12296	7479	14836	31994	8698	36684	38259	21869	57726	50441	47859	117925	121079	141630	136989	172722	223119	299189	312116	0
LFQ	74	4990	0	0	0	0	6527	1953	33652	19550	633	10023	2594	2420	9832	2439	2914	1305	2788	9577	10232	9728	5268	15061	11711	7458	15573	33503	8427	36766	39706	22820	59908	52790	47636	123213	128762	149751	140604	168341	227080	283779	290686	0
LFQ	75	6489	0	0	0	0	6560	2048	34336	19969	516	10626	2670	2538	10165	2253	2906	1286	2890	10130	10704	10135	5431	15792	11098	7624	15818	33878	9722	36803	41231	24217	62254	55041	47822	128660	136367	157026	144165	163373	230051	269031	268375	0
LFQ	76	6285	0	0	0	0	6939	1984	35918	19861	348	10938	3002	2712	10238	1965	3021	1344	3051	10546	10605	10358	5654	16219	10630	7694	17047	35313	9521	36663	42893	25192	63325	57092	47902	134576	145598	165453	148189	157692	233592	254223	246417	0
LFQ	77	6657	0	0	0	0	6883	2000	36749	20010	307	11348	2954	2688	10299	1883	3006	1276	3038	11017	10765	10894	5678	16696	10095	7798	17352	36449	9589	36146	44841	26948	64595	58892	48172	139836	154680	173775	153163	150426	237571	237297	228227	0
LFQ	78	7243	0	0	0	0	6907	1913	37742	19493	193	11625	2947	2692	10494	1658	3114	1333	3228	11343	10642	11336	5861	17269	9454	8006	18093	38218	9223	35019	46129	28137	65893	60618	49012	145443	165295	182691	158567	143113	240258	220264	209534	0
LFQ	79	6108	0	0	0	0	7174	1927	39078	19283	129	11937	3569	3095	10202	1574	3239	1284	3258	11906	10653	11476	6005	17488	8968	8052	18829	39646	9237	34150	48330	29512	66560	62709	50619	151264	177046	190707	163891	135247	241498	204006	190344	0
LFQ	80	4628	0	0	0	0	7289	1878	40670	19042	74	12613	4534	3404	9964	1408	3213	1351	3302	12367	10692	12269	6063	17388	8529	8245	19311	40508	9482	33221	50437	31107	67425	65177	51455	157602	188411	199128	169253	127612	243179	186376	171393	0
LFQ	81	3840	0	0	0	0	7590	1863	41929	18805	41	13180	4790	3180	10072	1368	3299	1358	3493	13110	10729	12758	6218	17606	8330	8688	20135	42558	9684	32289	52517	32794	68658	67274	53661	164208	200138	207271	175327	119362	241896	168085	151896	0
LFQ	82	2771	0	0	0	0	7629	1809	43537	18150	26	14235	4422	3036	10138	1230	3534	1348	3629	13533	10642	13185	6650	17429	8236	8957	20802	43256	9735	31524	54754	34967	69017	69072	55661	172605	213143	215554	181432	109255	241354	149817	133926	0
LFQ	83	3698	0	0	0	0	7759	1828	44918	17785	13	13678	3964	3108	9845	1093	3475	1354	3876	14271	10904	14053	6872	17326	8176	9249	22149	44903	9974	30400	56541	36436	70532	71567	58156	180434	225563	222877	187736	99762	236998	131954	116773	0
LFQ	84	3688	0	0	0	0	7814	1822	46373	17431	8	14145	3942	3119	9834	1053	3553	1327	3995	14857	10920	14345	7058	16851	8012	9491	22737	46606	10309	29265	59320	37810	71545	73276	60465	189292	239037	229994	194098	90297	232475	113921	99915	0
LFQ	85	3651	0	0	0	0	8283	1790	48176	17080	10	14521	4027	3219	9726	1003	3597	1388	3999	15452	10742	14924	7339	16555	7832	9756	24119	47784	10876	28256	61866	39389	72981	75690	62604	198360	252924	237123	198705	81722	224303	96486	83742	0
LFQ	86	3265	0	0	0	0	8286	1711	49552	16466	8	15225	4246	3421	9579	961	3846	1400	4024	15862	10842	15454	7426	15884	8001	9951	25057	49234	11052	26601	64854	40448	73966	77842	65290	208422	267182	241876	204271	72509	216272	80758	68956	0
LFQ	87	3018	0	0	0	0	8599	1709	51150	15799	8	15732	4299	3540	9328	884	3940	1400	4341	16594	10824	16378	7732	15344	7801	10391	26034	50722	11340	25650	67636	41273	76294	79253	68308	219129	281634	246515	207002	63830	204491	66413	55665	0
LFQ	88	2947	0	0	0	0	8759	1701	53440	15399	6	16399	4513	3704	8947	906	4010	1443	4608	17290	11117	17015	8141	14738	8330	10760	27314	52407	12065	24589	70457	42355	78874	82039	70235	229619	295774	249703	208146	55329	189608	53375	43938	0
LFQ	89	3609	0	0	0	0	9048	1719	55712	14852	7	16009	4727	3653	8845	921	4066	1430	4533	17828	11640	17910	8129	14104	8525	11050	28652	54062	12389	23528	73452	42923	81303	83548	73088	241114	310200	252287	208212	47109	173722	42014	34080	0
LFQ	90	3990	0	0	0	0	9271	1674	57265	14379	13	17200	4938	3921	8665	800	4296	1462	4653	18387	11980	19040	8477	13599	8619	11420	30363	55662	12886	22190	76759	43371	84090	86422	75046	253373	323843	253771	205536	39545	155353	32436	25305	0
LFQ	91	4286	0	0	0	0	9636	1579	59145	13713	6	17533	5199	4024	8231	842	4428	1485	4873	19017	12088	19618	8547	12681	8796	11760	31978	56597	13241	20843	79371	43081	87599	88518	77988	264674	338982	254624	201829	33244	137437	23944	18563	0
LFQ	92	4338	0	0	0	0	9605	1524	61636	13148	5	18076	5317	4370	7849	832	4488	1507	4969	19592	12571	20756	8636	12151	9028	11814	33027	57694	13991	19506	82334	43194	90030	90122	78935	276152	353182	255407	197101	26967	119399	17253	13494	0
LFQ	93	3948	0	0	0	0	9938	1572	63846	12473	13	19055	5563	4359	7724	833	4522	1507	5414	20392	13109	21839	9063	11077	9226	12495	34822	58507	14506	18375	84962	43145	92761	92681	80762	288345	365823	254517	188586	22023	100792	12080	9345	0
LFQ	94	3410	0	0	0	0	10131	1490	65154	11620	11	20195	5780	4474	6988	798	4631	1540	5368	20480	13397	22940	8984	10195	9702	12845	36788	59305	14881	17206	88029	42762	95317	95693	82278	300578	379265	253306	178087	17588	83945	8338	6501	0
LFQ	95	3730	0	0	0	0	10398	1449	67352	10564	16	20162	5900	3216	8098	749	4942	1592	5543	21169	13724	23831	8911	9190	10022	13057	38283	59162	15675	16586	90934	42311	97985	97750	83098	312659	391542	251295	166638	13606	68685	5876	4300	0
LFQ	96	3986	0	0	0	0	10493	1405	69857	10174	15	20789	6077	3314	7683	836	5072	1570	5680	21686	14492	25019	9057	8287	10348	13605	40311	59409	16505	15853	94193	41778	100065	100699	83457	323527	403496	247466	152236	10542	54487	3810	2721	0
LFQ	97	3280	0	0	0	0	10914	1406	72065	9434	12	21605	6323	3404	7333	801	5073	1603	6009	21966	15205	26170	8949	7399	10601	13938	42527	59124	17228	15066	96753	41133	102999	104224	83058	336981	412637	243313	137667	7777	41706	2522	1795	0
LFQ	98	2711	0	0	0	0	11063	1315	73669	8668	14	22931	6536	3502	6952	766	5358	1599	6319	22464	15685	26975	8716	6752	11124	14330	44771	58805	17715	14339	99809	40564	104909	106352	83499	347087	424188	237530	122817	5954	31679	1515	1018	0
LFQ	99	3870	0	0	0	0	11355	1403	76899	8446	17	22842	6924	3532	6656	882	5415	1632	6463	23665	16779	28080	8635	5903	11614	14872	48045	59007	18748	14051	103600	40192	107892	109166	83051	356165	428951	228999	107463	4196	23031	913	646	0
LFQ	100	2060	0	0	0	0	13600	2471	131922	12930	13	30370	13272	7343	11110	1228	6680	2785	9601	50000	25041	55031	18006	10765	16031	21154	81882	120907	23788	17041	173235	50276	153369	125551	73052	307785	256047	117297	47328	1385	9174	304	166	0
# GC Content of first fragments. Use `grep ^GCF | cut -f 2-` to extract this part.
GCF	0.25	226
GCF	1.01	495
GCF	2.01	880
GCF	3.02	1519
GCF	4.02	2394
GCF	5.03	3889
GCF	6.03	5627
GCF	7.04	8101
GCF	8.04	11593
GCF	9.05	15919
GCF	10.05	20857
GCF	11.06	27295
GCF	12.06	34296
GCF	13.07	42523
GCF	14.07	52977
GCF	15.08	63453
GCF	16.08	74650
GCF	17.09	85740
GCF	18.09	95171
GCF	19.10	103539
GCF	20.10	108763
GCF	21.11	112055
GCF	22.11	111852
GCF	23.12	109131
GCF	24.12	104365
GCF	25.13	98490
GCF	26.13	90139
GCF	27.14	81332
GCF	28.14	74086
GCF	29.15	66782
GCF	30.15	60207
GCF	31.16	53909
GCF	32.16	47625
GCF	33.17	40714
GCF	34.17	34130
GCF	35.18	27357
GCF	36.18	21952
GCF	37.19	17052
GCF	38.19	13314
GCF	39.20	10858
GCF	40.20	8766
GCF	41.21	7085
GCF	42.21	6226
GCF	43.22	5407
GCF	44.22	4561
GCF	45.23	3811
GCF	46.23	3376
GCF	47.24	3050
GCF	48.24	2585
GCF	49.25	2083
GCF	50.25	1668
GCF	51.26	1299
GCF	52.26	1021
GCF	53.27	952
GCF	54.27	869
GCF	55.28	896
GCF	56.28	875
GCF	57.29	906
GCF	58.29	873
GCF	59.30	952
GCF	60.30	976
GCF	61.31	981
GCF	62.31	923
GCF	63.32	849
GCF	64.32	784
GCF	65.33	653
GCF	66.33	560
GCF	67.34	470
GCF	68.34	373
GCF	69.35	283
GCF	70.35	203
GCF	71.36	161
GCF	72.36	92
GCF	73.37	70
GCF	74.37	38
GCF	75.38	19
GCF	76.38	10
GCF	77.39	9
GCF	78.89	8
GCF	80.40	6
GCF	81.41	5
GCF	83.42	0
GCF	85.43	1
# GC Content of last fragments. Use `grep ^GCL | cut -f 2-` to extract this part.
GCL	0.25	1925
GCL	1.01	1071
GCL	2.01	1190
GCL	3.02	1752
GCL	4.02	2549
GCL	5.03	3786
GCL	6.03	5341
GCL	7.04	7450
GCL	8.04	10412
GCL	9.05	14434
GCL	10.05	18820
GCL	11.06	24983
GCL	12.06	32006
GCL	13.07	40463
GCL	14.07	50416
GCL	15.08	60709
GCL	16.08	72100
GCL	17.09	83155
GCL	18.09	94433
GCL	19.10	102775
GCL	20.10	107744
GCL	21.11	111590
GCL	22.11	112918
GCL	23.12	110658
GCL	24.12	106020
GCL	25.13	99467
GCL	26.13	91585
GCL	27.14	82510
GCL	28.14	75224
GCL	29.15	68047
GCL	30.15	61745
GCL	31.16	55072
GCL	32.16	48572
GCL	33.17	41909
GCL	34.17	34960
GCL	35.18	28020
GCL	36.18	22661
GCL	37.19	18103
GCL	38.19	14026
GCL	39.20	11060
GCL	40.20	9291
GCL	41.21	7655
GCL	42.21	6484
GCL	43.22	5582
GCL	44.22	4800
GCL	45.23	3830
GCL	46.23	3320
GCL	47.24	2951
GCL	48.24	2556
GCL	49.25	2136
GCL	50.25	1783
GCL	51.26	1473
GCL	52.26	1298
GCL	53.27	1162
GCL	54.27	1059
GCL	55.28	995
GCL	56.28	987
GCL	57.29	905
GCL	58.29	965
GCL	59.30	968
GCL	60.30	923
GCL	61.31	967
GCL	62.31	934
GCL	63.32	851
GCL	64.32	815
GCL	65.33	771
GCL	66.33	608
GCL	67.34	518
GCL	68.34	446
GCL	69.35	356
GCL	70.35	270
GCL	71.36	179
GCL	72.36	126
GCL	73.37	108
GCL	74.37	76
GCL	75.38	54
GCL	76.38	35
GCL	77.39	21
GCL	78.39	19
GCL	79.40	17
GCL	80.40	5
GCL	81.91	7
GCL	83.42	2
GCL	84.42	3
GCL	85.43	2
GCL	86.43	1
GCL	87.44	4
GCL	88.44	5
GCL	89.45	3
GCL	90.45	2
GCL	91.96	0
GCL	93.47	3
GCL	94.47	0
GCL	95.48	1
# ACGT content per cycle. Use `grep ^GCC | cut -f 2-` to extract this part. The columns are: cycle; A,C,G,T base counts as a percentage of all A/C/G/T bases [%]; and N and O counts as a percentage of all A/C/G/T bases [%]
GCC	1	38.29	11.75	11.98	37.98	0.10	0.00
GCC	2	39.77	10.19	10.45	39.60	0.14	0.00
GCC	3	39.06	10.86	11.07	39.01	0.13	0.00
GCC	4	38.60	11.35	11.55	38.50	0.13	0.00
GCC	5	38.63	11.33	11.55	38.49	0.14	0.00
GCC	6	38.25	11.71	11.91	38.13	0.12	0.00
GCC	7	38.59	11.32	11.58	38.51	0.12	0.00
GCC	8	38.76	11.13	11.32	38.78	0.11	0.00
GCC	9	38.53	11.40	11.56	38.51	0.10	0.00
GCC	10	38.69	11.26	11.46	38.59	0.10	0.00
GCC	11	38.83	11.14	11.36	38.67	0.10	0.00
GCC	12	38.66	11.31	11.47	38.57	0.09	0.00
GCC	13	38.72	11.23	11.46	38.59	0.10	0.00
GCC	14	38.76	11.22	11.37	38.65	0.09	0.00
GCC	15	38.61	11.32	11.56	38.51	0.10	0.00
GCC	16	38.62	11.33	11.53	38.51	0.10	0.00
GCC	17	38.65	11.30	11.52	38.52	0.10	0.00
GCC	18	38.43	11.50	11.67	38.41	0.12	0.00
GCC	19	38.44	11.53	11.75	38.28	0.13	0.00
GCC	20	38.51	11.44	11.64	38.41	0.12	0.00
GCC	21	38.38	11.58	11.80	38.23	0.11	0.00
GCC	22	38.29	11.60	11.84	38.27	0.11	0.00
GCC	23	38.47	11.51	11.73	38.30	0.10	0.00
GCC	24	38.25	11.68	11.91	38.16	0.10	0.00
GCC	25	38.35	11.64	11.83	38.19	0.11	0.00
GCC	26	38.41	11.53	11.74	38.32	0.12	0.00
GCC	27	38.21	11.74	11.94	38.11	0.12	0.00
GCC	28	38.22	11.70	11.91	38.16	0.11	0.00
GCC	29	38.39	11.57	11.83	38.21	0.11	0.00
GCC	30	38.13	11.76	11.99	38.13	0.10	0.00
GCC	31	38.24	11.69	11.94	38.13	0.08	0.00
GCC	32	38.33	11.62	11.82	38.23	0.10	0.00
GCC	33	38.17	11.75	11.95	38.13	0.10	0.00
GCC	34	38.20	11.70	11.95	38.15	0.08	0.00
GCC	35	38.31	11.60	11.85	38.24	0.09	0.00
GCC	36	38.14	11.76	11.99	38.11	0.10	0.00
GCC	37	38.19	11.74	11.93	38.14	0.11	0.00
GCC	38	38.32	11.63	11.80	38.25	0.11	0.00
GCC	39	38.11	11.80	11.97	38.11	0.13	0.00
GCC	40	38.19	11.76	11.98	38.06	0.10	0.00
GCC	41	38.28	11.68	11.85	38.19	0.10	0.00
GCC	42	38.12	11.78	11.98	38.12	0.07	0.00
GCC	43	38.18	11.74	11.94	38.14	0.07	0.00
GCC	44	38.30	11.61	11.85	38.24	0.08	0.00
GCC	45	38.15	11.79	12.00	38.05	0.08	0.00
GCC	46	38.23	11.74	11.95	38.08	0.07	0.00
GCC	47	38.31	11.63	11.85	38.21	0.06	0.00
GCC	48	38.07	11.84	12.04	38.06	0.07	0.00
GCC	49	38.13	11.79	12.04	38.04	0.07	0.00
GCC	50	38.27	11.67	11.85	38.21	0.06	0.00
GCC	51	38.13	11.82	12.00	38.06	0.08	0.00
GCC	52	38.14	11.76	11.98	38.12	0.07	0.00
GCC	53	38.30	11.67	11.87	38.16	0.09	0.00
GCC	54	38.10	11.81	12.02	38.07	0.10	0.00
GCC	55	38.19	11.76	11.97	38.07	0.10	0.00
GCC	56	38.28	11.66	11.88	38.18	0.13	0.00
GCC	57	38.13	11.80	12.03	38.03	0.15	0.00
GCC	58	38.15	11.78	11.99	38.08	0.15	0.00
GCC	59	38.30	11.66	11.85	38.18	0.15	0.00
GCC	60	38.11	11.83	12.03	38.02	0.15	0.00
GCC	61	38.16	11.79	11.99	38.06	0.10	0.00
GCC	62	38.29	11.67	11.88	38.16	0.09	0.00
GCC	63	38.10	11.82	12.01	38.07	0.09	0.00
GCC	64	38.17	11.79	11.99	38.05	0.08	0.00
GCC	65	38.25	11.66	11.91	38.18	0.07	0.00
GCC	66	38.10	11.82	12.05	38.03	0.08	0.00
GCC	67	38.15	11.78	11.98	38.08	0.09	0.00
GCC	68	38.22	11.71	11.90	38.17	0.10	0.00
GCC	69	38.10	11.87	12.05	37.97	0.10	0.00
GCC	70	38.11	11.84	12.00	38.05	0.09	0.00
GCC	71	38.25	11.68	11.90	38.17	0.09	0.00
GCC	72	38.11	11.85	12.04	38.00	0.09	0.00
GCC	73	38.14	11.82	12.00	38.04	0.10	0.00
GCC	74	38.30	11.70	11.88	38.12	0.12	0.00
GCC	75	38.06	11.87	12.01	38.06	0.16	0.00
GCC	76	38.16	11.77	12.01	38.06	0.16	0.00
GCC	77	38.20	11.72	11.91	38.17	0.17	0.00
GCC	78	38.04	11.86	12.06	38.04	0.18	0.00
GCC	79	38.17	11.81	11.96	38.05	0.15	0.00
GCC	80	38.27	11.68	11.87	38.18	0.12	0.00
GCC	81	38.12	11.86	12.04	37.98	0.10	0.00
GCC	82	38.14	11.81	12.01	38.04	0.07	0.00
GCC	83	38.24	11.71	11.91	38.14	0.09	0.00
GCC	84	38.12	11.83	12.00	38.05	0.09	0.00
GCC	85	38.12	11.79	12.02	38.06	0.09	0.00
GCC	86	38.24	11.68	11.89	38.19	0.08	0.00
GCC	87	38.08	11.83	12.05	38.04	0.08	0.00
GCC	88	38.19	11.78	11.98	38.05	0.07	0.00
GCC	89	38.21	11.72	11.90	38.17	0.09	0.00
GCC	90	38.03	11.91	12.05	38.01	0.10	0.00
GCC	91	38.12	11.83	12.01	38.04	0.11	0.00
GCC	92	38.20	11.70	11.90	38.19	0.11	0.00
GCC	93	38.07	11.80	12.05	38.08	0.10	0.00
GCC	94	38.09	11.83	12.00	38.08	0.09	0.00
GCC	95	38.22	11.71	11.92	38.15	0.09	0.00
GCC	96	38.08	11.87	12.03	38.01	0.10	0.00
GCC	97	38.13	11.81	12.01	38.05	0.08	0.00
GCC	98	38.25	11.72	11.88	38.14	0.07	0.00
GCC	99	38.03	11.88	12.08	38.02	0.10	0.00
GCC	100	38.30	11.64	11.82	38.24	0.23	0.00
# ACGT content per cycle for first fragments. Use `grep ^FBC | cut -f 2-` to extract this part. The columns are: cycle; A,C,G,T base counts as a percentage of all A/C/G/T bases [%]; and N and O counts as a percentage of all A/C/G/T bases [%]
FBC	1	38.39	11.65	11.86	38.10	0.01	0.00
FBC	2	39.90	10.03	10.27	39.79	0.00	0.00
FBC	3	39.22	10.65	10.85	39.28	0.00	0.00
FBC	4	38.93	11.07	11.25	38.75	0.01	0.00
FBC	5	38.79	11.19	11.43	38.59	0.00	0.00
FBC	6	38.43	11.56	11.74	38.28	0.00	0.00
FBC	7	38.78	11.16	11.43	38.63	0.00	0.00
FBC	8	38.83	11.08	11.25	38.84	0.00	0.00
FBC	9	38.64	11.32	11.48	38.56	0.00	0.00
FBC	10	38.80	11.17	11.37	38.66	0.00	0.00
FBC	11	38.87	11.10	11.32	38.71	0.00	0.00
FBC	12	38.71	11.31	11.44	38.55	0.00	0.00
FBC	13	38.77	11.17	11.43	38.63	0.00	0.00
FBC	14	38.79	11.18	11.36	38.67	0.00	0.00
FBC	15	38.66	11.28	11.53	38.52	0.00	0.00
FBC	16	38.69	11.24	11.44	38.63	0.00	0.00
FBC	17	38.70	11.27	11.48	38.55	0.00	0.00
FBC	18	38.49	11.43	11.62	38.46	0.01	0.00
FBC	19	38.46	11.47	11.69	38.38	0.00	0.00
FBC	20	38.56	11.40	11.56	38.48	0.00	0.00
FBC	21	38.44	11.54	11.74	38.28	0.00	0.00
FBC	22	38.37	11.55	11.73	38.35	0.00	0.00
FBC	23	38.52	11.47	11.66	38.35	0.00	0.00
FBC	24	38.32	11.60	11.83	38.25	0.00	0.00
FBC	25	38.44	11.56	11.77	38.23	0.00	0.00
FBC	26	38.46	11.43	11.66	38.45	0.00	0.00
FBC	27	38.26	11.70	11.91	38.12	0.00	0.00
FBC	28	38.29	11.65	11.85	38.21	0.00	0.00
FBC	29	38.38	11.53	11.76	38.32	0.00	0.00
FBC	30	38.14	11.72	11.95	38.20	0.00	0.00
FBC	31	38.33	11.63	11.84	38.20	0.00	0.00
FBC	32	38.38	11.55	11.77	38.30	0.00	0.00
FBC	33	38.21	11.70	11.87	38.22	0.00	0.00
FBC	34	38.26	11.63	11.88	38.23	0.00	0.00
FBC	35	38.35	11.55	11.78	38.32	0.00	0.00
FBC	36	38.20	11.70	11.94	38.17	0.00	0.00
FBC	37	38.27	11.67	11.86	38.20	0.00	0.00
FBC	38	38.39	11.57	11.72	38.32	0.00	0.00
FBC	39	38.15	11.74	11.94	38.17	0.00	0.00
FBC	40	38.28	11.67	11.90	38.15	0.00	0.00
FBC	41	38.33	11.64	11.77	38.25	0.00	0.00
FBC	42	38.16	11.71	11.94	38.20	0.00	0.00
FBC	43	38.25	11.69	11.88	38.19	0.00	0.00
FBC	44	38.38	11.54	11.79	38.29	0.00	0.00
FBC	45	38.20	11.72	11.94	38.14	0.00	0.00
FBC	46	38.28	11.66	11.88	38.19	0.00	0.00
FBC	47	38.37	11.59	11.82	38.21	0.00	0.00
FBC	48	38.12	11.78	11.99	38.10	0.00	0.00
FBC	49	38.20	11.73	11.97	38.10	0.00	0.00
FBC	50	38.34	11.60	11.77	38.29	0.00	0.00
FBC	51	38.24	11.77	11.94	38.05	0.00	0.00
FBC	52	38.21	11.70	11.91	38.17	0.00	0.00
FBC	53	38.30	11.64	11.86	38.19	0.00	0.00
FBC	54	38.11	11.77	11.98	38.15	0.01	0.00
FBC	55	38.23	11.72	11.91	38.14	0.00	0.00
FBC	56	38.33	11.61	11.83	38.23	0.01	0.00
FBC	57	38.15	11.74	11.99	38.12	0.05	0.00
FBC	58	38.22	11.70	11.96	38.12	0.04	0.00
FBC	59	38.33	11.62	11.83	38.22	0.00	0.00
FBC	60	38.18	11.82	11.98	38.02	0.00	0.00
FBC	61	38.19	11.75	11.94	38.12	0.00	0.00
FBC	62	38.38	11.61	11.84	38.17	0.00	0.00
FBC	63	38.11	11.78	11.99	38.11	0.00	0.00
FBC	64	38.23	11.76	11.91	38.10	0.00	0.00
FBC	65	38.30	11.61	11.87	38.21	0.00	0.00
FBC	66	38.15	11.78	12.00	38.07	0.00	0.00
FBC	67	38.23	11.71	11.93	38.14	0.00	0.00
FBC	68	38.21	11.69	11.88	38.23	0.00	0.00
FBC	69	38.10	11.84	12.05	38.01	0.00	0.00
FBC	70	38.15	11.80	11.96	38.10	0.00	0.00
FBC	71	38.29	11.63	11.84	38.23	0.00	0.00
FBC	72	38.12	11.82	12.02	38.04	0.00	0.00
FBC	73	38.18	11.78	11.96	38.09	0.00	0.00
FBC	74	38.35	11.68	11.83	38.15	0.00	0.00
FBC	75	38.11	11.81	11.99	38.10	0.00	0.00
FBC	76	38.19	11.73	12.00	38.09	0.00	0.00
FBC	77	38.24	11.68	11.84	38.24	0.00	0.00
FBC	78	38.10	11.82	12.02	38.06	0.00	0.00
FBC	79	38.19	11.79	11.91	38.11	0.00	0.00
FBC	80	38.30	11.65	11.84	38.22	0.00	0.00
FBC	81	38.16	11.83	11.99	38.02	0.00	0.00
FBC	82	38.18	11.76	11.99	38.07	0.00	0.00
FBC	83	38.27	11.67	11.88	38.19	0.00	0.00
FBC	84	38.21	11.78	11.99	38.02	0.00	0.00
FBC	85	38.16	11.74	12.00	38.10	0.00	0.00
FBC	86	38.25	11.66	11.86	38.22	0.00	0.00
FBC	87	38.11	11.80	12.02	38.06	0.00	0.00
FBC	88	38.22	11.73	11.93	38.12	0.00	0.00
FBC	89	38.22	11.70	11.87	38.21	0.00	0.00
FBC	90	38.07	11.86	12.02	38.04	0.00	0.00
FBC	91	38.15	11.80	11.97	38.08	0.00	0.00
FBC	92	38.28	11.64	11.84	38.24	0.00	0.00
FBC	93	38.10	11.77	12.01	38.11	0.00	0.00
FBC	94	38.16	11.77	11.93	38.15	0.00	0.00
FBC	95	38.29	11.66	11.86	38.19	0.00	0.00
FBC	96	38.13	11.82	12.01	38.04	0.00	0.00
FBC	97	38.20	11.76	11.96	38.08	0.00	0.00
FBC	98	38.28	11.66	11.82	38.24	0.00	0.00
FBC	99	38.10	11.84	12.03	38.04	0.00	0.00
FBC	100	38.65	11.33	11.48	38.55	0.36	0.00
# ACGT raw counters for first fragments. Use `grep ^FTC | cut -f 2-` to extract this part. The columns are: A,C,G,T,N base counters
FTC	76696789	23177588	23583273	76532326	10024
# ACGT content per cycle for last fragments. Use `grep ^LBC | cut -f 2-` to extract this part. The columns are: cycle; A,C,G,T base counts as a percentage of all A/C/G/T bases [%]; and N and O counts as a percentage of all A/C/G/T bases [%]
LBC	1	38.19	11.86	12.10	37.85	0.19	0.00
LBC	2	39.63	10.34	10.62	39.41	0.27	0.00
LBC	3	38.90	11.07	11.30	38.74	0.25	0.00
LBC	4	38.27	11.63	11.85	38.25	0.26	0.00
LBC	5	38.46	11.48	11.68	38.39	0.27	0.00
LBC	6	38.07	11.87	12.09	37.97	0.25	0.00
LBC	7	38.39	11.48	11.73	38.39	0.24	0.00
LBC	8	38.70	11.18	11.40	38.72	0.23	0.00
LBC	9	38.43	11.47	11.64	38.45	0.20	0.00
LBC	10	38.58	11.35	11.55	38.52	0.21	0.00
LBC	11	38.79	11.17	11.40	38.64	0.21	0.00
LBC	12	38.61	11.31	11.50	38.58	0.18	0.00
LBC	13	38.67	11.28	11.49	38.55	0.20	0.00
LBC	14	38.73	11.25	11.38	38.63	0.18	0.00
LBC	15	38.56	11.37	11.59	38.49	0.20	0.00
LBC	16	38.56	11.42	11.63	38.40	0.19	0.00
LBC	17	38.61	11.32	11.57	38.50	0.21	0.00
LBC	18	38.36	11.56	11.72	38.36	0.23	0.00
LBC	19	38.42	11.58	11.81	38.18	0.25	0.00
LBC	20	38.46	11.48	11.71	38.35	0.24	0.00
LBC	21	38.33	11.62	11.87	38.19	0.22	0.00
LBC	22	38.20	11.65	11.95	38.20	0.22	0.00
LBC	23	38.41	11.54	11.79	38.25	0.20	0.00
LBC	24	38.19	11.76	11.98	38.07	0.21	0.00
LBC	25	38.25	11.72	11.89	38.14	0.21	0.00
LBC	26	38.36	11.64	11.82	38.18	0.24	0.00
LBC	27	38.16	11.78	11.97	38.09	0.23	0.00
LBC	28	38.16	11.75	11.98	38.11	0.22	0.00
LBC	29	38.39	11.61	11.89	38.10	0.22	0.00
LBC	30	38.12	11.80	12.03	38.05	0.20	0.00
LBC	31	38.14	11.76	12.04	38.06	0.16	0.00
LBC	32	38.27	11.70	11.88	38.15	0.20	0.00
LBC	33	38.13	11.80	12.02	38.05	0.20	0.00
LBC	34	38.13	11.77	12.02	38.08	0.16	0.00
LBC	35	38.27	11.66	11.91	38.16	0.18	0.00
LBC	36	38.09	11.82	12.04	38.06	0.20	0.00
LBC	37	38.10	11.81	12.01	38.09	0.23	0.00
LBC	38	38.25	11.69	11.87	38.18	0.23	0.00
LBC	39	38.07	11.87	12.01	38.06	0.26	0.00
LBC	40	38.10	11.86	12.07	37.97	0.20	0.00
LBC	41	38.23	11.72	11.92	38.13	0.21	0.00
LBC	42	38.08	11.85	12.02	38.05	0.15	0.00
LBC	43	38.11	11.80	12.00	38.09	0.15	0.00
LBC	44	38.22	11.69	11.90	38.19	0.16	0.00
LBC	45	38.11	11.86	12.06	37.97	0.16	0.00
LBC	46	38.18	11.82	12.02	37.97	0.13	0.00
LBC	47	38.24	11.67	11.88	38.21	0.13	0.00
LBC	48	38.01	11.89	12.10	38.01	0.14	0.00
LBC	49	38.05	11.85	12.11	37.99	0.13	0.00
LBC	50	38.19	11.74	11.93	38.14	0.13	0.00
LBC	51	38.01	11.87	12.05	38.07	0.16	0.00
LBC	52	38.07	11.83	12.04	38.06	0.13	0.00
LBC	53	38.29	11.70	11.88	38.13	0.17	0.00
LBC	54	38.10	11.86	12.05	37.99	0.19	0.00
LBC	55	38.16	11.80	12.03	38.01	0.21	0.00
LBC	56	38.23	11.71	11.93	38.14	0.25	0.00
LBC	57	38.12	11.85	12.08	37.95	0.25	0.00
LBC	58	38.09	11.85	12.03	38.04	0.27	0.00
LBC	59	38.27	11.70	11.88	38.15	0.30	0.00
LBC	60	38.05	11.84	12.09	38.02	0.30	0.00
LBC	61	38.13	11.83	12.04	37.99	0.19	0.00
LBC	62	38.20	11.74	11.91	38.14	0.18	0.00
LBC	63	38.09	11.85	12.03	38.03	0.17	0.00
LBC	64	38.11	11.82	12.06	38.01	0.16	0.00
LBC	65	38.19	11.71	11.94	38.15	0.14	0.00
LBC	66	38.05	11.86	12.09	38.00	0.16	0.00
LBC	67	38.08	11.85	12.04	38.03	0.17	0.00
LBC	68	38.23	11.73	11.93	38.11	0.21	0.00
LBC	69	38.10	11.91	12.06	37.94	0.20	0.00
LBC	70	38.08	11.88	12.05	38.00	0.18	0.00
LBC	71	38.20	11.73	11.96	38.11	0.18	0.00
LBC	72	38.10	11.89	12.05	37.97	0.18	0.00
LBC	73	38.11	11.87	12.04	37.98	0.19	0.00
LBC	74	38.26	11.73	11.92	38.09	0.25	0.00
LBC	75	38.01	11.93	12.04	38.03	0.33	0.00
LBC	76	38.13	11.81	12.02	38.04	0.32	0.00
LBC	77	38.16	11.75	11.98	38.11	0.33	0.00
LBC	78	37.97	11.91	12.10	38.01	0.36	0.00
LBC	79	38.16	11.83	12.01	38.00	0.31	0.00
LBC	80	38.23	11.72	11.91	38.14	0.23	0.00
LBC	81	38.08	11.89	12.08	37.94	0.19	0.00
LBC	82	38.09	11.87	12.04	38.00	0.14	0.00
LBC	83	38.21	11.76	11.94	38.10	0.19	0.00
LBC	84	38.03	11.88	12.02	38.07	0.18	0.00
LBC	85	38.09	11.85	12.04	38.03	0.18	0.00
LBC	86	38.22	11.70	11.91	38.17	0.16	0.00
LBC	87	38.05	11.86	12.07	38.02	0.15	0.00
LBC	88	38.15	11.83	12.02	37.99	0.15	0.00
LBC	89	38.20	11.75	11.92	38.13	0.18	0.00
LBC	90	37.99	11.96	12.07	37.98	0.20	0.00
LBC	91	38.09	11.86	12.06	38.00	0.21	0.00
LBC	92	38.12	11.77	11.96	38.15	0.22	0.00
LBC	93	38.03	11.84	12.08	38.05	0.20	0.00
LBC	94	38.01	11.89	12.08	38.02	0.17	0.00
LBC	95	38.14	11.77	11.98	38.11	0.19	0.00
LBC	96	38.04	11.91	12.06	37.99	0.20	0.00
LBC	97	38.07	11.87	12.05	38.01	0.16	0.00
LBC	98	38.23	11.78	11.95	38.04	0.14	0.00
LBC	99	37.96	11.93	12.12	38.00	0.19	0.00
LBC	100	37.96	11.94	12.17	37.93	0.10	0.00
# ACGT raw counters for last fragments. Use `grep ^LTC | cut -f 2-` to extract this part. The columns are: A,C,G,T,N base counters
LTC	76298953	23376761	23783742	76135474	405070
# Insert sizes. Use `grep ^IS | cut -f 2-` to extract this part. The columns are: insert size, pairs total, inward oriented pairs, outward oriented pairs, other pairs
IS	0	22	0	3	19
IS	1	3	0	3	0
IS	2	19	0	18	1
IS	3	15	0	13	2
IS	4	18	0	18	0
IS	5	10	0	10	0
IS	6	20	0	19	1
IS	7	10	0	10	0
IS	8	18	0	18	0
IS	9	21	0	21	0
IS	10	23	0	22	1
IS	11	16	0	14	2
IS	12	23	0	22	1
IS	13	22	0	21	1
IS	14	21	0	19	2
IS	15	20	0	19	1
IS	16	26	0	22	4
IS	17	21	0	21	0
IS	18	17	0	14	3
IS	19	147	62	81	4
IS	20	88	23	57	8
IS	21	90	28	53	9
IS	22	73	24	38	11
IS	23	49	11	24	14
IS	24	45	10	22	13
IS	25	57	17	26	14
IS	26	46	11	23	12
IS	27	59	14	31	14
IS	28	44	6	24	14
IS	29	44	12	21	11
IS	30	60	12	35	13
IS	31	75	11	41	23
IS	32	46	14	25	7
IS	33	58	16	33	9
IS	34	61	15	35	11
IS	35	96	40	51	5
IS	36	52	15	30	7
IS	37	47	12	27	8
IS	38	75	21	40	14
IS	39	54	17	31	6
IS	40	59	13	37	9
IS	41	53	13	33	7
IS	42	49	17	25	7
IS	43	51	10	33	8
IS	44	59	21	33	5
IS	45	55	13	37	5
IS	46	57	14	34	9
IS	47	70	17	48	5
IS	48	65	23	35	7
IS	49	80	31	43	6
IS	50	56	14	34	8
IS	51	67	19	42	6
IS	52	55	17	34	4
IS	53	67	26	39	2
IS	54	86	50	31	5
IS	55	82	25	50	7
IS	56	83	36	41	6
IS	57	86	37	47	2
IS	58	67	28	34	5
IS	59	94	42	48	4
IS	60	73	30	39	4
IS	61	89	28	57	4
IS	62	89	36	48	5
IS	63	87	39	44	4
IS	64	83	34	48	1
IS	65	106	47	56	3
IS	66	99	41	52	6
IS	67	93	33	56	4
IS	68	98	47	47	4
IS	69	102	44	53	5
IS	70	114	62	47	5
IS	71	110	36	68	6
IS	72	111	49	57	5
IS	73	92	41	48	3
IS	74	112	56	50	6
IS	75	128	53	70	5
IS	76	102	42	59	1
IS	77	123	65	56	2
IS	78	125	56	65	4
IS	79	137	68	65	4
IS	80	128	55	69	4
IS	81	124	60	61	3
IS	82	119	74	42	3
IS	83	146	76	67	3
IS	84	118	59	56	3
IS	85	136	76	60	0
IS	86	153	70	81	2
IS	87	119	58	58	3
IS	88	131	71	59	1
IS	89	139	74	60	5
IS	90	131	69	57	5
IS	91	127	70	56	1
IS	92	141	71	67	3
IS	93	157	96	59	2
IS	94	149	86	62	1
IS	95	166	93	69	4
IS	96	154	88	64	2
IS	97	165	95	68	2
IS	98	178	108	67	3
IS	99	213	128	83	2
IS	100	188	137	50	1
IS	101	189	179	7	3
IS	102	210	203	4	3
IS	103	196	188	6	2
IS	104	203	195	2	6
IS	105	198	194	4	0
IS	106	222	217	4	1
IS	107	222	217	4	1
IS	108	218	217	0	1
IS	109	218	215	1	2
IS	110	233	231	0	2
IS	111	257	251	3	3
IS	112	216	213	2	1
IS	113	267	263	0	4
IS	114	255	252	1	2
IS	115	280	274	3	3
IS	116	303	298	4	1
IS	117	280	277	1	2
IS	118	278	275	1	2
IS	119	293	291	1	1
IS	120	280	276	2	2
IS	121	378	374	1	3
IS	122	405	402	2	1
IS	123	407	403	2	2
IS	124	399	395	2	2
IS	125	453	450	1	2
IS	126	440	438	1	1
IS	127	548	545	3	0
IS	128	571	569	1	1
IS	129	589	585	2	2
IS	130	640	634	0	6
IS	131	807	804	1	2
IS	132	795	791	1	3
IS	133	862	859	1	2
IS	134	994	992	0	2
IS	135	1008	1005	1	2
IS	136	1168	1165	0	3
IS	137	1244	1239	3	2
IS	138	1271	1266	3	2
IS	139	1375	1372	0	3
IS	140	1485	1483	2	0
IS	141	1700	1699	0	1
IS	142	1742	1742	0	0
IS	143	1858	1857	0	1
IS	144	2014	2011	1	2
IS	145	2249	2245	2	2
IS	146	2347	2341	3	3
IS	147	2535	2533	0	2
IS	148	2748	2742	2	4
IS	149	2879	2878	1	0
IS	150	3197	3194	1	2
IS	151	3443	3439	3	1
IS	152	3608	3606	2	0
IS	153	4003	3997	3	3
IS	154	4012	4009	2	1
IS	155	4264	4262	1	1
IS	156	4574	4571	0	3
IS	157	4821	4820	0	1
IS	158	5226	5224	0	2
IS	159	5454	5452	1	1
IS	160	5713	5709	2	2
IS	161	6180	6178	0	2
IS	162	6418	6416	0	2
IS	163	6680	6678	0	2
IS	164	6962	6961	1	0
IS	165	7167	7164	1	2
IS	166	7631	7629	0	2
IS	167	7795	7793	1	1
IS	168	8307	8307	0	0
IS	169	8486	8482	1	3
IS	170	8869	8867	1	1
IS	171	9184	9182	2	0
IS	172	9677	9674	0	3
IS	173	9779	9777	2	0
IS	174	10138	10137	0	1
IS	175	10352	10352	0	0
IS	176	10759	10757	2	0
IS	177	11062	11060	2	0
IS	178	11327	11326	1	0
IS	179	11422	11420	0	2
IS	180	11855	11854	1	0
IS	181	12153	12153	0	0
IS	182	12648	12646	0	2
IS	183	12416	12413	2	1
IS	184	12893	12892	0	1
IS	185	12932	12930	1	1
IS	186	13387	13386	0	1
IS	187	13404	13403	0	1
IS	188	13621	13620	1	0
IS	189	13695	13693	1	1
IS	190	13786	13785	0	1
IS	191	14075	14075	0	0
IS	192	14065	14065	0	0
IS	193	13938	13936	1	1
IS	194	14045	14044	0	1
IS	195	14238	14236	2	0
IS	196	14362	14360	2	0
IS	197	14489	14487	2	0
IS	198	14668	14667	1	0
IS	199	14703	14702	0	1
IS	200	14673	14673	0	0
IS	201	14526	14523	2	1
IS	202	14411	14410	1	0
IS	203	14554	14552	1	1
IS	204	14634	14633	0	1
IS	205	14579	14576	2	1
IS	206	14456	14454	1	1
IS	207	14413	14412	0	1
IS	208	14539	14535	2	2
IS	209	14550	14549	1	0
IS	210	14522	14521	1	0
IS	211	14267	14266	1	0
IS	212	14512	14511	1	0
IS	213	14639	14638	1	0
IS	214	14342	14341	1	0
IS	215	14197	14196	1	0
IS	216	14049	14046	1	2
IS	217	13853	13852	1	0
IS	218	13791	13787	2	2
IS	219	13788	13786	2	0
IS	220	13792	13792	0	0
IS	221	13558	13556	1	1
IS	222	13843	13842	1	0
IS	223	13250	13248	2	0
IS	224	13160	13159	1	0
IS	225	13156	13152	2	2
IS	226	13053	13051	2	0
IS	227	12928	12928	0	0
IS	228	13011	13011	0	0
IS	229	12861	12860	0	1
IS	230	12312	12310	2	0
IS	231	12386	12384	1	1
IS	232	12113	12109	4	0
IS	233	12170	12168	2	0
IS	234	12112	12111	1	0
IS	235	11958	11957	1	0
IS	236	11661	11658	2	1
IS	237	11672	11670	2	0
IS	238	11359	11358	1	0
IS	239	11372	11371	1	0
IS	240	11234	11234	0	0
IS	241	11064	11062	2	0
IS	242	10889	10889	0	0
IS	243	10923	10920	3	0
IS	244	10601	10600	1	0
IS	245	10625	10625	0	0
IS	246	10501	10498	2	1
IS	247	10296	10296	0	0
IS	248	10081	10081	0	0
IS	249	10168	10167	1	0
IS	250	10098	10098	0	0
IS	251	9874	9872	2	0
IS	252	9695	9695	0	0
IS	253	9639	9638	0	1
IS	254	9469	9467	1	1
IS	255	9373	9373	0	0
IS	256	9159	9159	0	0
IS	257	9183	9182	1	0
IS	258	9113	9112	1	0
IS	259	8873	8871	2	0
IS	260	8724	8722	2	0
IS	261	8658	8657	1	0
IS	262	8365	8365	0	0
IS	263	8496	8492	3	1
IS	264	8392	8392	0	0
IS	265	8078	8075	3	0
IS	266	7989	7988	1	0
IS	267	7782	7782	0	0
IS	268	7797	7796	1	0
IS	269	7662	7661	1	0
IS	270	7749	7749	0	0
IS	271	7458	7458	0	0
IS	272	7499	7499	0	0
IS	273	7171	7170	1	0
IS	274	7265	7264	1	0
IS	275	7037	7037	0	0
IS	276	6835	6834	1	0
IS	277	6874	6873	1	0
IS	278	6813	6813	0	0
IS	279	6847	6847	0	0
IS	280	6592	6590	2	0
IS	281	6494	6494	0	0
IS	282	6303	6302	0	1
IS	283	6403	6403	0	0
IS	284	6173	6172	1	0
IS	285	6116	6116	0	0
IS	286	6087	6087	0	0
IS	287	5938	5938	0	0
IS	288	5892	5892	0	0
IS	289	5697	5697	0	0
IS	290	5714	5713	0	1
IS	291	5758	5758	0	0
IS	292	5544	5544	0	0
IS	293	5500	5500	0	0
IS	294	5283	5282	1	0
IS	295	5339	5339	0	0
IS	296	5156	5156	0	0
IS	297	5051	5051	0	0
IS	298	5209	5206	2	1
IS	299	4963	4963	0	0
IS	300	4804	4804	0	0
IS	301	4783	4782	1	0
IS	302	4824	4821	2	1
IS	303	4747	4746	1	0
IS	304	4439	4438	1	0
IS	305	4348	4347	1	0
IS	306	4445	4443	2	0
IS	307	4271	4271	0	0
IS	308	4234	4233	1	0
IS	309	4280	4279	1	0
IS	310	4151	4150	1	0
IS	311	4061	4061	0	0
IS	312	3982	3982	0	0
IS	313	3985	3985	0	0
IS	314	3962	3960	2	0
IS	315	3869	3869	0	0
IS	316	3696	3696	0	0
IS	317	3670	3669	1	0
IS	318	3650	3650	0	0
IS	319	3624	3624	0	0
IS	320	3523	3523	0	0
IS	321	3408	3407	1	0
IS	322	3440	3440	0	0
IS	323	3395	3394	1	0
IS	324	3351	3350	1	0
IS	325	3238	3238	0	0
IS	326	3225	3225	0	0
IS	327	3120	3119	1	0
IS	328	3179	3178	1	0
IS	329	3077	3076	1	0
IS	330	3002	3002	0	0
IS	331	2963	2961	2	0
IS	332	2856	2856	0	0
IS	333	2922	2922	0	0
IS	334	2788	2788	0	0
IS	335	2881	2880	1	0
IS	336	2897	2896	1	0
IS	337	2687	2687	0	0
IS	338	2583	2581	2	0
IS	339	2550	2550	0	0
IS	340	2567	2566	1	0
IS	341	2573	2573	0	0
IS	342	2495	2494	1	0
IS	343	2414	2414	0	0
IS	344	2352	2351	0	1
IS	345	2274	2270	3	1
IS	346	2299	2298	1	0
IS	347	2190	2189	1	0
IS	348	2240	2240	0	0
IS	349	2173	2172	1	0
IS	350	2206	2204	2	0
IS	351	2087	2086	1	0
IS	352	2114	2113	1	0
IS	353	2037	2036	1	0
IS	354	2066	2062	4	0
IS	355	2078	2076	2	0
IS	356	1922	1921	1	0
IS	357	1897	1896	1	0
IS	358	1831	1828	3	0
IS	359	1860	1859	1	0
IS	360	1901	1899	2	0
IS	361	1784	1783	1	0
IS	362	1858	1857	1	0
IS	363	1685	1685	0	0
IS	364	1716	1716	0	0
IS	365	1681	1679	2	0
IS	366	1681	1680	1	0
IS	367	1572	1572	0	0
IS	368	1623	1623	0	0
IS	369	1574	1573	1	0
IS	370	1476	1476	0	0
IS	371	1545	1545	0	0
IS	372	1522	1522	0	0
IS	373	1502	1500	2	0
IS	374	1446	1446	0	0
IS	375	1412	1412	0	0
IS	376	1390	1390	0	0
IS	377	1339	1339	0	0
IS	378	1289	1289	0	0
IS	379	1393	1393	0	0
IS	380	1256	1256	0	0
IS	381	1238	1238	0	0
IS	382	1196	1195	1	0
IS	383	1218	1218	0	0
IS	384	1168	1167	1	0
IS	385	1185	1184	1	0
IS	386	1196	1195	1	0
IS	387	1211	1211	0	0
IS	388	1119	1118	1	0
IS	389	1090	1088	2	0
IS	390	1120	1119	1	0
IS	391	1104	1102	2	0
IS	392	1053	1051	2	0
IS	393	1104	1104	0	0
IS	394	1008	1004	4	0
IS	395	995	995	0	0
IS	396	946	945	1	0
IS	397	999	998	1	0
IS	398	987	987	0	0
IS	399	919	919	0	0
IS	400	957	957	0	0
IS	401	943	940	3	0
IS	402	963	963	0	0
IS	403	836	835	1	0
IS	404	820	820	0	0
IS	405	805	804	1	0
IS	406	814	813	1	0
IS	407	818	817	1	0
IS	408	720	719	1	0
IS	409	766	764	2	0
IS	410	767	766	1	0
IS	411	713	712	1	0
IS	412	790	790	0	0
IS	413	732	732	0	0
IS	414	705	705	0	0
IS	415	728	726	2	0
IS	416	743	743	0	0
IS	417	660	660	0	0
IS	418	642	642	0	0
IS	419	672	672	0	0
IS	420	678	677	1	0
IS	421	660	659	1	0
IS	422	608	608	0	0
IS	423	643	642	1	0
IS	424	581	580	1	0
IS	425	578	577	1	0
IS	426	581	581	0	0
IS	427	612	612	0	0
IS	428	589	589	0	0
IS	429	535	534	1	0
IS	430	532	531	1	0
IS	431	487	487	0	0
IS	432	530	530	0	0
IS	433	538	538	0	0
IS	434	543	542	1	0
IS	435	476	474	2	0
IS	436	494	494	0	0
IS	437	499	499	0	0
IS	438	471	470	1	0
IS	439	497	496	1	0
IS	440	461	459	2	0
IS	441	454	453	1	0
IS	442	437	435	2	0
IS	443	459	458	1	0
IS	444	404	403	1	0
IS	445	428	427	1	0
IS	446	441	440	1	0
IS	447	438	438	0	0
IS	448	389	389	0	0
IS	449	423	423	0	0
IS	450	375	374	1	0
IS	451	392	392	0	0
IS	452	380	377	3	0
IS	453	340	339	1	0
IS	454	367	367	0	0
IS	455	384	382	2	0
IS	456	304	304	0	0
IS	457	351	351	0	0
IS	458	333	332	1	0
IS	459	325	324	1	0
IS	460	314	314	0	0
IS	461	293	293	0	0
IS	462	312	309	3	0
IS	463	318	317	1	0
IS	464	296	295	1	0
IS	465	308	308	0	0
IS	466	277	276	1	0
IS	467	273	273	0	0
IS	468	281	281	0	0
IS	469	275	275	0	0
IS	470	270	269	1	0
IS	471	277	276	1	0
IS	472	254	254	0	0
IS	473	212	210	2	0
IS	474	272	272	0	0
IS	475	250	250	0	0
IS	476	224	224	0	0
IS	477	213	213	0	0
IS	478	239	239	0	0
IS	479	222	220	1	1
IS	480	222	221	1	0
IS	481	229	229	0	0
IS	482	215	215	0	0
IS	483	205	205	0	0
IS	484	208	207	1	0
IS	485	189	189	0	0
IS	486	196	196	0	0
IS	487	206	205	1	0
IS	488	164	164	0	0
IS	489	188	187	1	0
IS	490	168	168	0	0
IS	491	165	165	0	0
IS	492	186	186	0	0
IS	493	181	181	0	0
IS	494	167	167	0	0
IS	495	177	177	0	0
IS	496	175	175	0	0
IS	497	170	169	1	0
IS	498	178	176	2	0
IS	499	153	153	0	0
IS	500	143	142	1	0
# Read lengths. Use `grep ^RL | cut -f 2-` to extract this part. The columns are: read length, count
RL	100	4000000
# Read lengths - first fragments. Use `grep ^FRL | cut -f 2-` to extract this part. The columns are: read length, count
FRL	100	2000000
# Read lengths - last fragments. Use `grep ^LRL | cut -f 2-` to extract this part. The columns are: read length, count
LRL	100	2000000
# Indel distribution. Use `grep ^ID | cut -f 2-` to extract this part. The columns are: length, number of insertions, number of deletions
ID	1	33697	47539
ID	2	14572	19280
ID	3	11539	14886
ID	4	5354	7917
ID	5	2047	2463
ID	6	5847	8538
ID	7	812	929
ID	8	1475	2700
ID	9	2141	3428
ID	10	680	1694
ID	11	128	305
ID	12	1337	3702
ID	13	75	185
ID	14	211	908
ID	15	401	1037
ID	16	95	670
ID	17	13	47
ID	18	280	1341
ID	19	5	62
ID	20	39	341
ID	21	44	349
ID	22	6	185
ID	23	0	21
ID	24	27	324
ID	25	0	38
ID	26	1	72
ID	27	5	77
ID	28	2	56
ID	29	1	1
ID	30	1	43
ID	31	0	2
ID	32	0	11
ID	33	0	16
ID	34	0	8
ID	36	0	10
ID	38	0	1
ID	42	0	2
ID	45	0	1
# Indels per cycle. Use `grep ^IC | cut -f 2-` to extract this part. The columns are: cycle, number of insertions (fwd), .. (rev) , number of deletions (fwd), .. (rev)
IC	1	0	1	1	0
IC	3	0	0	247	214
IC	4	190	161	231	230
IC	5	240	220	264	256
IC	6	245	238	327	310
IC	7	263	238	328	313
IC	8	251	250	380	367
IC	9	263	303	431	381
IC	10	306	306	408	409
IC	11	313	270	402	427
IC	12	333	321	424	431
IC	13	322	292	462	452
IC	14	373	346	460	507
IC	15	396	378	493	508
IC	16	403	409	502	513
IC	17	387	428	518	520
IC	18	412	427	559	538
IC	19	475	450	542	576
IC	20	484	446	585	628
IC	21	468	461	694	590
IC	22	461	497	658	633
IC	23	508	511	700	649
IC	24	475	496	705	646
IC	25	539	495	670	675
IC	26	554	561	744	689
IC	27	502	544	823	762
IC	28	550	520	811	701
IC	29	540	549	831	746
IC	30	598	600	813	761
IC	31	650	604	844	742
IC	32	646	602	847	784
IC	33	652	589	810	772
IC	34	612	581	836	779
IC	35	601	613	879	721
IC	36	629	557	841	775
IC	37	603	567	865	787
IC	38	610	594	871	790
IC	39	614	559	921	801
IC	40	659	564	840	810
IC	41	580	550	892	809
IC	42	633	547	915	787
IC	43	620	547	971	792
IC	44	639	579	838	831
IC	45	620	610	876	792
IC	46	612	592	893	769
IC	47	576	554	907	771
IC	48	609	515	938	790
IC	49	556	584	854	761
IC	50	579	559	837	786
IC	51	568	516	842	760
IC	52	571	563	819	767
IC	53	622	543	869	783
IC	54	553	531	873	733
IC	55	553	494	874	760
IC	56	601	514	815	769
IC	57	522	524	868	727
IC	58	550	503	816	794
IC	59	537	459	781	746
IC	60	521	470	777	758
IC	61	582	523	850	773
IC	62	544	481	769	669
IC	63	559	486	819	734
IC	64	450	480	773	740
IC	65	516	443	820	686
IC	66	503	414	719	679
IC	67	474	471	680	675
IC	68	515	445	753	672
IC	69	472	427	724	669
IC	70	469	448	699	665
IC	71	469	416	704	662
IC	72	432	416	666	642
IC	73	431	373	664	616
IC	74	387	396	648	653
IC	75	409	377	621	592
IC	76	432	366	625	572
IC	77	369	405	630	591
IC	78	381	319	606	537
IC	79	328	315	576	545
IC	80	359	299	589	556
IC	81	332	274	523	510
IC	82	329	278	521	485
IC	83	310	279	468	433
IC	84	332	264	471	475
IC	85	243	281	509	468
IC	86	286	244	493	424
IC	87	258	236	447	411
IC	88	229	165	417	351
IC	89	221	180	411	406
IC	90	209	193	373	377
IC	91	208	199	308	395
IC	92	202	206	385	315
IC	93	150	160	304	305
IC	94	139	124	324	334
IC	95	132	128	407	367
IC	96	144	124	312	394
IC	97	169	175	325	374
IC	98	0	0	2	1
IC	99	0	0	1	0
# Coverage distribution. Use `grep ^COV | cut -f 2-` to extract this part.
COV	[1-1]	1	1025655
COV	[2-2]	2	1036771
COV	[3-3]	3	1000441
COV	[4-4]	4	943369
COV	[5-5]	5	878724
COV	[6-6]	6	806614
COV	[7-7]	7	745122
COV	[8-8]	8	694539
COV	[9-9]	9	646433
COV	[10-10]	10	597364
COV	[11-11]	11	564102
COV	[12-12]	12	546094
COV	[13-13]	13	530410
COV	[14-14]	14	520800
COV	[15-15]	15	517965
COV	[16-16]	16	520067
COV	[17-17]	17	525748
COV	[18-18]	18	532457
COV	[19-19]	19	541048
COV	[20-20]	20	550075
COV	[21-21]	21	558745
COV	[22-22]	22	566131
COV	[23-23]	23	564646
COV	[24-24]	24	562584
COV	[25-25]	25	556771
COV	[26-26]	26	542155
COV	[27-27]	27	524786
COV	[28-28]	28	505225
COV	[29-29]	29	479768
COV	[30-30]	30	450270
COV	[31-31]	31	416907
COV	[32-32]	32	375753
COV	[33-33]	33	337013
COV	[34-34]	34	296071
COV	[35-35]	35	258673
COV	[36-36]	36	223610
COV	[37-37]	37	189392
COV	[38-38]	38	158912
COV	[39-39]	39	132309
COV	[40-40]	40	108792
COV	[41-41]	41	86814
COV	[42-42]	42	69464
COV	[43-43]	43	54484
COV	[44-44]	44	43588
COV	[45-45]	45	35131
COV	[46-46]	46	28435
COV	[47-47]	47	23200
COV	[48-48]	48	19530
COV	[49-49]	49	16386
COV	[50-50]	50	13707
COV	[51-51]	51	12156
COV	[52-52]	52	10818
COV	[53-53]	53	9630
COV	[54-54]	54	8743
COV	[55-55]	55	8062
COV	[56-56]	56	7762
COV	[57-57]	57	7224
COV	[58-58]	58	7045
COV	[59-59]	59	6641
COV	[60-60]	60	6475
COV	[61-61]	61	6125
COV	[62-62]	62	5893
COV	[63-63]	63	5424
COV	[64-64]	64	5174
COV	[65-65]	65	4948
COV	[66-66]	66	4794
COV	[67-67]	67	4516
COV	[68-68]	68	4326
COV	[69-69]	69	4167
COV	[70-70]	70	3883
COV	[71-71]	71	3582
COV	[72-72]	72	3463
COV	[73-73]	73	3370
COV	[74-74]	74	3178
COV	[75-75]	75	2998
COV	[76-76]	76	2933
COV	[77-77]	77	2852
COV	[78-78]	78	2766
COV	[79-79]	79	2700
COV	[80-80]	80	2586
COV	[81-81]	81	2393
COV	[82-82]	82	2369
COV	[83-83]	83	2071
COV	[84-84]	84	2019
COV	[85-85]	85	1982
COV	[86-86]	86	1851
COV	[87-87]	87	1825
COV	[88-88]	88	1762
COV	[89-89]	89	1643
COV	[90-90]	90	1583
COV	[91-91]	91	1472
COV	[92-92]	92	1360
COV	[93-93]	93	1416
COV	[94-94]	94	1264
COV	[95-95]	95	1324
COV	[96-96]	96	1237
COV	[97-97]	97	1241
COV	[98-98]	98	1152
COV	[99-99]	99	1097
COV	[100-100]	100	1063
COV	[101-101]	101	978
COV	[102-102]	102	1020
COV	[103-103]	103	918
COV	[104-104]	104	891
COV	[105-105]	105	824
COV	[106-106]	106	718
COV	[107-107]	107	710
COV	[108-108]	108	721
COV	[109-109]	109	688
COV	[110-110]	110	689
COV	[111-111]	111	690
COV	[112-112]	112	636
COV	[113-113]	113	570
COV	[114-114]	114	517
COV	[115-115]	115	540
COV	[116-116]	116	493
COV	[117-117]	117	496
COV	[118-118]	118	504
COV	[119-119]	119	503
COV	[120-120]	120	455
COV	[121-121]	121	495
COV	[122-122]	122	490
COV	[123-123]	123	462
COV	[124-124]	124	446
COV	[125-125]	125	446
COV	[126-126]	126	382
COV	[127-127]	127	360
COV	[128-128]	128	332
COV	[129-129]	129	314
COV	[130-130]	130	308
COV	[131-131]	131	281
COV	[132-132]	132	264
COV	[133-133]	133	220
COV	[134-134]	134	226
COV	[135-135]	135	243
COV	[136-136]	136	231
COV	[137-137]	137	206
COV	[138-138]	138	213
COV	[139-139]	139	199
COV	[140-140]	140	216
COV	[141-141]	141	197
COV	[142-142]	142	178
COV	[143-143]	143	194
COV	[144-144]	144	185
COV	[145-145]	145	174
COV	[146-146]	146	162
COV	[147-147]	147	154
COV	[148-148]	148	168
COV	[149-149]	149	166
COV	[150-150]	150	157
COV	[151-151]	151	141
COV	[152-152]	152	164
COV	[153-153]	153	158
COV	[154-154]	154	123
COV	[155-155]	155	95
COV	[156-156]	156	121
COV	[157-157]	157	101
COV	[158-158]	158	95
COV	[159-159]	159	87
COV	[160-160]	160	81
COV	[161-161]	161	59
COV	[162-162]	162	61
COV	[163-163]	163	65
COV	[164-164]	164	71
COV	[165-165]	165	67
COV	[166-166]	166	71
COV	[167-167]	167	80
COV	[168-168]	168	75
COV	[169-169]	169	75
COV	[170-170]	170	75
COV	[171-171]	171	85
COV	[172-172]	172	71
COV	[173-173]	173	55
COV	[174-174]	174	69
COV	[175-175]	175	52
COV	[176-176]	176	57
COV	[177-177]	177	30
COV	[178-178]	178	42
COV	[179-179]	179	57
COV	[180-180]	180	41
COV	[181-181]	181	40
COV	[182-182]	182	41
COV	[183-183]	183	41
COV	[184-184]	184	31
COV	[185-185]	185	31
COV	[186-186]	186	23
COV	[187-187]	187	29
COV	[188-188]	188	21
COV	[189-189]	189	27
COV	[190-190]	190	30
COV	[191-191]	191	34
COV	[192-192]	192	28
COV	[193-193]	193	26
COV	[194-194]	194	37
COV	[195-195]	195	44
COV	[196-196]	196	29
COV	[197-197]	197	21
COV	[198-198]	198	28
COV	[199-199]	199	11
COV	[200-200]	200	5
COV	[201-201]	201	6
COV	[202-202]	202	8
COV	[203-203]	203	6
COV	[204-204]	204	10
COV	[205-205]	205	7
COV	[206-206]	206	6
COV	[207-207]	207	10
COV	[208-208]	208	4
COV	[209-209]	209	5
COV	[210-210]	210	11
COV	[211-211]	211	10
COV	[212-212]	212	14
COV	[213-213]	213	7
COV	[214-214]	214	6
COV	[215-215]	215	10
COV	[216-216]	216	10
COV	[217-217]	217	6
COV	[218-218]	218	7
COV	[219-219]	219	6
COV	[220-220]	220	8
COV	[221-221]	221	11
COV	[222-222]	222	4
COV	[223-223]	223	25
COV	[224-224]	224	7
COV	[225-225]	225	12
COV	[226-226]	226	6
COV	[227-227]	227	16
COV	[228-228]	228	5
COV	[229-229]	229	10
COV	[230-230]	230	11
COV	[231-231]	231	7
COV	[232-232]	232	8
COV	[233-233]	233	9
COV	[234-234]	234	3
COV	[235-235]	235	5
COV	[236-236]	236	4
COV	[237-237]	237	5
COV	[238-238]	238	7
COV	[239-239]	239	6
COV	[240-240]	240	7
COV	[241-241]	241	4
COV	[242-242]	242	5
COV	[243-243]	243	2
COV	[244-244]	244	5
COV	[245-245]	245	6
COV	[246-246]	246	3
COV	[247-247]	247	5
COV	[248-248]	248	10
COV	[249-249]	249	7
COV	[250-250]	250	5
COV	[251-251]	251	2
COV	[252-252]	252	2
COV	[253-253]	253	4
COV	[254-254]	254	3
COV	[255-255]	255	5
COV	[256-256]	256	5
COV	[257-257]	257	2
COV	[258-258]	258	3
COV	[259-259]	259	5
COV	[260-260]	260	2
COV	[261-261]	261	5
COV	[262-262]	262	6
COV	[263-263]	263	3
COV	[264-264]	264	4
COV	[265-265]	265	3
COV	[266-266]	266	1
COV	[267-267]	267	6
COV	[268-268]	268	5
COV	[269-269]	269	15
COV	[270-270]	270	10
COV	[271-271]	271	8
COV	[272-272]	272	6
COV	[273-273]	273	12
COV	[274-274]	274	13
COV	[275-275]	275	10
COV	[276-276]	276	6
COV	[277-277]	277	3
COV	[278-278]	278	5
COV	[279-279]	279	5
COV	[280-280]	280	8
COV	[281-281]	281	6
COV	[282-282]	282	9
COV	[283-283]	283	15
COV	[284-284]	284	12
COV	[285-285]	285	10
COV	[286-286]	286	20
COV	[287-287]	287	17
COV	[288-288]	288	12
COV	[289-289]	289	20
COV	[290-290]	290	16
COV	[291-291]	291	15
COV	[292-292]	292	10
COV	[293-293]	293	19
COV	[294-294]	294	20
COV	[295-295]	295	27
COV	[296-296]	296	18
COV	[297-297]	297	15
COV	[298-298]	298	17
COV	[299-299]	299	13
COV	[300-300]	300	11
COV	[301-301]	301	5
COV	[302-302]	302	7
COV	[303-303]	303	11
COV	[304-304]	304	16
COV	[305-305]	305	12
COV	[306-306]	306	13
COV	[307-307]	307	17
COV	[308-308]	308	17
COV	[309-309]	309	11
COV	[310-310]	310	10
COV	[311-311]	311	9
COV	[312-312]	312	13
COV	[313-313]	313	11
COV	[314-314]	314	21
COV	[315-315]	315	31
COV	[316-316]	316	22
COV	[317-317]	317	24
COV	[318-318]	318	18
COV	[319-319]	319	25
COV	[320-320]	320	43
COV	[321-321]	321	28
COV	[322-322]	322	40
COV	[323-323]	323	31
COV	[324-324]	324	35
COV	[325-325]	325	32
COV	[326-326]	326	37
COV	[327-327]	327	36
COV	[328-328]	328	41
COV	[329-329]	329	40
COV	[330-330]	330	31
COV	[331-331]	331	27
COV	[332-332]	332	34
COV	[333-333]	333	56
COV	[334-334]	334	38
COV	[335-335]	335	46
COV	[336-336]	336	46
COV	[337-337]	337	42
COV	[338-338]	338	50
COV	[339-339]	339	40
COV	[340-340]	340	43
COV	[341-341]	341	40
COV	[342-342]	342	33
COV	[343-343]	343	44
COV	[344-344]	344	47
COV	[345-345]	345	45
COV	[346-346]	346	43
COV	[347-347]	347	50
COV	[348-348]	348	61
COV	[349-349]	349	51
COV	[350-350]	350	45
COV	[351-351]	351	63
COV	[352-352]	352	47
COV	[353-353]	353	58
COV	[354-354]	354	58
COV	[355-355]	355	47
COV	[356-356]	356	65
COV	[357-357]	357	66
COV	[358-358]	358	69
COV	[359-359]	359	73
COV	[360-360]	360	103
COV	[361-361]	361	92
COV	[362-362]	362	59
COV	[363-363]	363	65
COV	[364-364]	364	79
COV	[365-365]	365	53
COV	[366-366]	366	61
COV	[367-367]	367	55
COV	[368-368]	368	67
COV	[369-369]	369	54
COV	[370-370]	370	54
COV	[371-371]	371	56
COV	[372-372]	372	60
COV	[373-373]	373	55
COV	[374-374]	374	53
COV	[375-375]	375	45
COV	[376-376]	376	47
COV	[377-377]	377	45
COV	[378-378]	378	37
COV	[379-379]	379	55
COV	[380-380]	380	51
COV	[381-381]	381	52
COV	[382-382]	382	61
COV	[383-383]	383	57
COV	[384-384]	384	54
COV	[385-385]	385	51
COV	[386-386]	386	49
COV	[387-387]	387	53
COV	[388-388]	388	48
COV	[389-389]	389	51
COV	[390-390]	390	50
COV	[391-391]	391	61
COV	[392-392]	392	49
COV	[393-393]	393	52
COV	[394-394]	394	33
COV	[395-395]	395	43
COV	[396-396]	396	44
COV	[397-397]	397	40
COV	[398-398]	398	38
COV	[399-399]	399	43
COV	[400-400]	400	47
COV	[401-401]	401	50
COV	[402-402]	402	45
COV	[403-403]	403	55
COV	[404-404]	404	59
COV	[405-405]	405	45
COV	[406-406]	406	37
COV	[407-407]	407	52
COV	[408-408]	408	47
COV	[409-409]	409	55
COV	[410-410]	410	43
COV	[411-411]	411	49
COV	[412-412]	412	47
COV	[413-413]	413	55
COV	[414-414]	414	40
COV	[415-415]	415	46
COV	[416-416]	416	33
COV	[417-417]	417	36
COV	[418-418]	418	40
COV	[419-419]	419	28
COV	[420-420]	420	24
COV	[421-421]	421	34
COV	[422-422]	422	27
COV	[423-423]	423	28
COV	[424-424]	424	29
COV	[425-425]	425	27
COV	[426-426]	426	32
COV	[427-427]	427	21
COV	[428-428]	428	38
COV	[429-429]	429	22
COV	[430-430]	430	32
COV	[431-431]	431	28
COV	[432-432]	432	27
COV	[433-433]	433	17
COV	[434-434]	434	29
COV	[435-435]	435	18
COV	[436-436]	436	27
COV	[437-437]	437	20
COV	[438-438]	438	18
COV	[439-439]	439	18
COV	[440-440]	440	16
COV	[441-441]	441	13
COV	[442-442]	442	8
COV	[443-443]	443	10
COV	[444-444]	444	7
COV	[445-445]	445	8
COV	[446-446]	446	6
COV	[447-447]	447	6
COV	[448-448]	448	2
COV	[449-449]	449	1
COV	[453-453]	453	1
COV	[466-466]	466	1
COV	[468-468]	468	1
COV	[469-469]	469	1
COV	[476-476]	476	1
COV	[485-485]	485	1
COV	[489-489]	489	1
COV	[491-491]	491	1
COV	[505-505]	505	1
COV	[510-510]	510	2
COV	[521-521]	521	2
COV	[525-525]	525	1
COV	[528-528]	528	1
COV	[529-529]	529	1
COV	[535-535]	535	2
COV	[538-538]	538	1
COV	[539-539]	539	2
COV	[540-540]	540	2
COV	[541-541]	541	8
COV	[542-542]	542	2
COV	[543-543]	543	9
COV	[550-550]	550	1
COV	[551-551]	551	1
COV	[560-560]	560	1
COV	[572-572]	572	1
COV	[574-574]	574	1
COV	[591-591]	591	2
COV	[599-599]	599	1
COV	[602-602]	602	1
COV	[613-613]	613	1
COV	[619-619]	619	1
COV	[624-624]	624	1
COV	[634-634]	634	1
COV	[638-638]	638	1
COV	[643-643]	643	1
COV	[648-648]	648	1
COV	[650-650]	650	1
COV	[652-652]	652	1
COV	[656-656]	656	1
COV	[657-657]	657	1
COV	[667-667]	667	1
COV	[669-669]	669	1
COV	[674-674]	674	1
COV	[683-683]	683	1
COV	[688-688]	688	2
COV	[694-694]	694	1
COV	[698-698]	698	1
COV	[700-700]	700	1
COV	[701-701]	701	1
COV	[702-702]	702	1
COV	[703-703]	703	1
COV	[704-704]	704	2
COV	[706-706]	706	2
COV	[709-709]	709	1
COV	[712-712]	712	1
COV	[719-719]	719	1
COV	[722-722]	722	1
COV	[732-732]	732	1
COV	[734-734]	734	1
COV	[739-739]	739	1
COV	[742-742]	742	1
COV	[746-746]	746	1
COV	[749-749]	749	1
COV	[750-750]	750	1
COV	[751-751]	751	1
COV	[754-754]	754	1
COV	[755-755]	755	3
COV	[756-756]	756	1
COV	[757-757]	757	1
COV	[758-758]	758	1
COV	[760-760]	760	1
COV	[761-761]	761	1
# GC-depth. Use `grep ^GCD | cut -f 2-` to extract this part. The columns are: GC%, unique sequence percentiles, 10th, 25th, 50th, 75th and 90th depth percentile
GCD	0.0	0.170	0.000	0.000	0.000	0.000	0.000
GCD	16.0	0.340	6.490	6.490	14.065	21.640	21.640
GCD	18.0	0.596	9.345	9.345	9.350	13.955	13.955
GCD	19.0	3.064	9.140	11.905	13.040	15.570	17.045
GCD	20.0	14.809	12.422	13.955	15.578	17.256	18.888
GCD	21.0	38.723	12.068	13.898	15.630	17.462	19.402
GCD	22.0	65.106	13.231	14.585	16.323	18.191	19.955
GCD	23.0	81.277	13.538	15.224	16.275	18.095	19.978
GCD	24.0	87.830	12.993	15.635	17.110	19.263	21.492
GCD	25.0	91.064	15.436	17.311	18.080	20.745	23.112
GCD	26.0	92.851	14.262	15.910	17.670	20.290	24.161
GCD	27.0	93.787	11.847	15.715	20.235	31.010	33.795
GCD	28.0	95.064	14.517	16.660	22.315	27.170	29.417
GCD	29.0	97.277	16.270	19.321	24.725	30.987	36.884
GCD	30.0	98.638	7.602	18.329	21.425	27.379	37.724
GCD	31.0	99.064	19.245	19.515	31.110	73.710	111.565
GCD	32.0	99.319	10.590	10.590	14.195	17.385	17.385
GCD	33.0	99.404	19.570	19.570	19.570	19.570	19.570
GCD	34.0	99.574	4.315	4.315	7.017	9.720	9.720
GCD	35.0	99.660	34.955	34.955	34.955	34.955	34.955
GCD	36.0	99.745	25.670	25.670	25.670	25.670	25.670
GCD	42.0	99.830	18.540	18.540	18.540	18.540	18.540
GCD	45.0	99.915	3.185	3.185	3.185	3.185	3.185
GCD	46.0	100.000	0.155	0.155	0.155	0.155	0.155
