# This file was produced by samtools stats (1.10+htslib-1.10) and can be plotted using plot-bamstats
# This file contains statistics for all reads.
# The command line was:  stats --reference data/reference/Pf3D7_v3.fa.gz results/aligned/QG0033-C.bam
# CHK, Checksum	[2]Read Names	[3]Sequences	[4]Qualities
# CHK, CRC32 of reads which passed filtering followed by addition (32bit overflow)
CHK	519bd9e1	5911f3ab	f8568a0a
# Summary Numbers. Use `grep ^SN | cut -f 2-` to extract this part.
SN	raw total sequences:	4000000
SN	filtered sequences:	0
SN	sequences:	4000000
SN	is sorted:	1
SN	1st fragments:	2000000
SN	last fragments:	2000000
SN	reads mapped:	3746756
SN	reads mapped and paired:	3731530	# paired-end technology bit set + both mates mapped
SN	reads unmapped:	253244
SN	reads properly paired:	3537690	# proper-pair bit set
SN	reads paired:	4000000	# paired-end technology bit set
SN	reads duplicated:	5645	# PCR or optical duplicate bit set
SN	reads MQ0:	154401	# mapped and MQ=0
SN	reads QC failed:	0
SN	non-primary alignments:	0
SN	total length:	400000000	# ignores clipping
SN	total first fragment length:	200000000	# ignores clipping
SN	total last fragment length:	200000000	# ignores clipping
SN	bases mapped:	374675600	# ignores clipping
SN	bases mapped (cigar):	366581633	# more accurate
SN	bases trimmed:	0
SN	bases duplicated:	564500
SN	mismatches:	3053611	# from NM fields
SN	error rate:	8.329961e-03	# mismatches / bases mapped (cigar)
SN	average length:	100
SN	average first fragment length:	100
SN	average last fragment length:	100
SN	maximum length:	100
SN	maximum first fragment length:	100
SN	maximum last fragment length:	100
SN	average quality:	35.2
SN	insert size average:	243.6
SN	insert size standard deviation:	66.4
SN	inward oriented pairs:	1779529
SN	outward oriented pairs:	6209
SN	pairs with other orientation:	5474
SN	pairs on different chromosomes:	79305
SN	percentage of properly paired reads (%):	88.4
# First Fragment Qualities. Use `grep ^FFQ | cut -f 2-` to extract this part.
# Columns correspond to qualities and rows to cycles. First column is the cycle number.
FFQ	1	1010	1123	1350	159	564	1579	2296	0	311	873	0	7452	2144	2119	6569	7125	8966	5327	5500	6825	7321	16253	7968	23912	32866	3787	16025	21302	0	0	68246	142131	1307858	273692	17347	0	0	0	0	0	0	0	0	0
FFQ	2	72	0	19	285	0	0	0	866	0	0	0	1145	0	2514	1841	0	0	0	684	5610	0	0	3468	4114	9483	39816	2675	0	6536	207497	672155	1006660	0	34560	0	0	0	0	0	0	0	0	0	0
FFQ	3	329	228	251	0	0	0	524	0	633	0	0	0	425	0	4307	415	609	1563	1735	1277	2062	1645	11237	1350	1654	0	0	0	15859	0	103577	0	194755	239633	63245	1352687	0	0	0	0	0	0	0	0
FFQ	4	828	15	313	0	0	32	251	282	0	0	0	508	1124	0	0	3903	0	5772	923	1112	1930	3686	7255	11954	7122	0	5067	0	0	91102	9072	11751	82397	104348	92545	598331	958377	0	0	0	0	0	0	0
FFQ	5	372	0	7	0	0	0	0	183	0	79	0	0	0	0	0	0	0	0	7795	0	0	0	0	0	0	0	0	58236	20941	0	0	0	0	135895	1523303	253189	0	0	0	0	0	0	0	0
FFQ	6	0	6	0	0	0	0	229	0	0	0	0	88	0	0	0	0	8410	749	0	0	0	0	0	0	0	0	0	0	60239	0	21040	0	0	0	251461	214460	1313514	0	0	129804	0	0	0	0
FFQ	7	0	105	258	221	0	476	0	0	0	567	443	0	2061	0	664	0	10498	2113	883	1081	534	0	763	0	0	0	0	0	0	17903	71275	18253	0	0	0	0	0	1871902	0	0	0	0	0	0
FFQ	8	0	82	0	32	0	0	98	546	0	0	0	0	0	0	600	0	0	256	8171	2134	0	713	824	25879	0	0	0	0	0	0	90523	46543	0	0	18648	14290	1790661	0	0	0	0	0	0	0
FFQ	9	0	89	0	0	378	83	0	0	723	0	0	0	1598	3184	190	973	0	581	612	2831	1129	4112	905	4883	1559	37228	0	0	0	6964	21151	0	173672	0	17412	0	1719743	0	0	0	0	0	0	0
FFQ	10	0	0	0	0	0	0	0	0	0	0	0	0	851	0	0	0	0	0	0	0	0	14383	0	0	0	0	0	0	0	0	0	115038	0	0	426998	568848	448079	0	295506	130297	0	0	0	0
FFQ	11	0	262	231	170	319	0	430	316	0	506	0	1003	0	0	3616	0	1963	5361	2073	18418	9081	5483	905	3571	0	0	0	0	17211	0	15029	93888	0	54716	101860	323691	303538	1036359	0	0	0	0	0	0
FFQ	12	2	60	357	381	0	0	0	45	0	1497	2013	0	0	0	4434	0	3864	2179	2520	1368	0	4929	12585	0	22554	0	0	0	0	0	0	0	172546	0	75057	688433	547994	315588	141594	0	0	0	0	0
FFQ	13	0	27	368	50	0	350	534	0	0	0	802	0	849	968	1940	0	766	0	3520	5808	0	0	19194	0	0	0	3113	3137	0	7020	0	130677	20701	0	18009	0	1782167	0	0	0	0	0	0	0
FFQ	14	0	32	287	32	0	74	90	573	0	876	0	0	415	0	0	2010	484	0	1271	2580	2400	18659	26123	2591	0	0	0	0	0	0	15085	132557	0	53013	0	245498	202928	0	53215	1239207	0	0	0	0
FFQ	15	0	25	0	407	0	0	413	0	265	0	794	0	1682	0	0	0	6828	3010	683	3037	1754	0	19552	0	3221	0	2264	0	48119	0	0	9934	0	0	143295	507392	370948	305304	393351	0	177722	0	0	0
FFQ	16	0	34	271	8	0	386	0	0	506	0	0	0	0	1699	0	0	885	0	14376	472	0	1362	0	0	0	0	0	0	0	0	91071	0	0	0	17250	289799	541702	186209	781290	72680	0	0	0	0
FFQ	17	0	0	31	192	0	0	616	0	0	0	0	2008	2190	0	481	374	838	350	314	560	0	0	0	0	38284	0	17841	0	0	0	0	0	0	193687	100901	326102	0	310934	756888	247409	0	0	0	0
FFQ	18	3	50	361	0	0	258	531	0	0	0	0	0	1899	0	398	5400	0	630	0	451	1591	0	0	0	0	43168	0	0	0	17757	0	0	0	104809	259874	129657	1378548	0	54615	0	0	0	0	0
FFQ	19	5	22	215	0	0	19	0	0	0	949	0	2274	0	0	0	610	3592	0	0	1810	3177	0	952	0	0	0	47594	0	0	0	0	0	13114	0	221445	0	0	1704222	0	0	0	0	0	0
FFQ	20	79	135	10	283	26	0	0	0	1385	0	0	0	437	319	2925	2139	962	8834	1595	1898	1077	2858	1162	5902	0	18353	51568	0	0	0	0	11398	0	256380	151525	218268	0	1260482	0	0	0	0	0	0
FFQ	21	3	28	0	251	0	0	0	0	705	0	924	0	0	0	0	3655	0	11777	0	0	2793	1774	6756	1031	0	0	0	0	0	7113	85325	0	0	0	71567	551215	144356	597995	512732	0	0	0	0	0
FFQ	22	0	214	21	0	0	0	401	0	0	824	0	0	0	0	0	0	0	2132	16345	956	0	2630	2756	0	1700	0	0	0	0	111912	0	0	0	0	0	529189	740238	590682	0	0	0	0	0	0
FFQ	23	64	145	0	33	0	464	444	0	0	0	0	0	0	1544	6158	833	0	1435	0	1073	4101	0	3323	2248	0	0	0	0	47398	0	9599	0	98338	0	253139	857796	0	711865	0	0	0	0	0	0
FFQ	24	148	0	16	3	0	0	0	0	158	0	119	1837	0	0	0	508	216	0	420	388	2418	692	3003	21877	4672	0	2261	0	0	16588	23604	0	0	167484	0	0	1727467	0	26121	0	0	0	0	0
FFQ	25	0	0	0	0	62	11	57	0	0	1700	0	0	0	0	0	0	0	0	0	0	21953	0	0	0	0	0	0	0	24709	0	0	141140	49133	0	0	29968	19705	1711562	0	0	0	0	0	0
FFQ	26	151	52	213	275	132	0	461	651	0	3457	0	0	0	2810	421	1300	2182	3065	0	1293	25150	729	0	957	0	15288	0	0	17200	0	0	0	136230	0	0	261286	274398	630325	621974	0	0	0	0	0
FFQ	27	27	12	0	0	0	247	0	0	0	1219	0	0	0	8287	891	4098	0	1106	1433	0	2172	4741	0	0	39279	0	2953	0	5247	0	0	0	0	0	474835	0	867077	156611	429765	0	0	0	0	0
FFQ	28	24	0	129	0	0	0	0	0	1683	0	0	0	0	0	10882	0	0	0	0	0	0	0	0	0	0	0	54995	0	0	0	0	0	0	0	0	0	1932287	0	0	0	0	0	0	0
FFQ	29	0	212	191	0	685	226	0	531	0	2858	0	0	1106	0	2543	937	1408	24090	2214	289	3593	6721	4342	0	17731	0	0	0	3651	114365	0	0	0	0	19365	0	0	1792942	0	0	0	0	0	0
FFQ	30	21	0	196	21	0	0	0	93	2762	0	0	0	0	0	0	0	0	21687	531	372	0	0	5027	3555	2520	1608	0	20956	0	83521	7412	0	0	0	0	0	1849718	0	0	0	0	0	0	0
FFQ	31	6	23	0	361	213	0	0	2330	905	0	0	0	0	12924	2740	486	0	0	696	870	4552	0	827	0	0	0	0	58634	0	0	0	34893	30098	226602	0	70082	0	0	1552758	0	0	0	0	0
FFQ	32	0	85	0	0	333	0	116	0	123	4727	0	0	0	0	0	442	0	0	0	30693	0	0	0	0	0	0	0	0	0	0	53106	23706	152470	0	91422	26931	0	0	0	1615846	0	0	0	0
FFQ	33	106	0	258	0	0	0	0	3558	0	0	0	0	0	0	0	0	24965	0	0	0	0	0	0	0	0	0	0	0	0	0	92492	0	0	0	120034	384739	370365	78194	0	683545	0	241744	0	0
FFQ	34	292	71	303	260	0	1138	0	0	3585	0	613	0	2590	0	17240	719	2402	1033	1329	0	22124	3719	1841	0	0	0	11026	70950	0	0	0	0	0	62555	197873	199119	0	637869	281352	479997	0	0	0	0
FFQ	35	0	0	0	0	0	389	0	3105	0	0	0	0	0	0	15636	0	332	0	0	0	1594	0	0	0	0	0	64951	0	0	0	0	0	54861	0	118800	393714	0	70328	1276290	0	0	0	0	0
FFQ	36	9	0	0	0	219	0	0	0	3451	0	0	0	0	0	16855	0	0	0	0	0	0	0	0	0	0	56231	0	0	0	0	0	0	0	37303	73585	243542	154834	561512	852459	0	0	0	0	0
FFQ	37	0	0	0	0	0	0	3596	0	0	355	0	0	0	0	17191	0	0	0	0	0	0	0	0	0	0	0	67861	0	0	0	0	0	0	60131	234407	315663	355904	651001	0	0	0	0	293891	0
FFQ	38	56	0	31	230	0	0	0	149	3098	0	0	0	0	15677	0	0	457	0	0	0	0	0	0	0	0	0	51782	0	0	0	0	30244	42630	101433	59268	27008	0	1667937	0	0	0	0	0	0
FFQ	39	4	52	473	0	0	110	0	0	4624	0	110	0	0	325	325	578	25851	412	556	899	822	775	1647	3688	0	0	0	0	0	19307	87042	17982	0	0	402068	17580	411314	468540	458809	76107	0	0	0	0
FFQ	40	0	0	419	0	0	0	0	0	4884	0	0	0	0	0	0	0	23444	0	0	0	0	0	0	0	0	0	0	0	81265	0	0	51960	42380	0	0	44797	34353	0	1716498	0	0	0	0	0
FFQ	41	2	0	0	0	0	451	0	4165	0	0	0	0	0	18107	0	0	0	0	0	0	0	0	0	0	0	65273	0	0	0	0	0	0	0	40091	0	503919	456751	83077	828164	0	0	0	0	0
FFQ	42	20	0	0	0	0	0	0	4520	355	0	0	0	0	0	18602	0	0	0	0	0	0	0	0	0	0	0	56057	0	0	0	48002	46117	0	53952	20677	14838	0	1736860	0	0	0	0	0	0
FFQ	43	131	0	0	0	505	0	0	5612	0	0	0	0	0	0	0	0	25892	0	0	0	0	0	0	0	0	0	0	0	0	85318	0	0	0	0	0	0	911705	784982	0	0	185855	0	0	0
FFQ	44	436	18	0	49	23	591	0	4812	0	0	0	421	0	18975	275	0	228	300	1476	2255	0	0	0	0	0	0	66197	0	0	0	0	55215	40002	0	220647	94784	178222	1256562	58512	0	0	0	0	0
FFQ	45	99	36	340	308	344	655	2527	0	0	873	0	15883	1592	0	3268	784	0	0	4184	2497	0	35209	3106	12428	3883	0	7942	0	0	0	0	0	0	56205	0	84561	175075	826901	325595	435705	0	0	0	0
FFQ	46	2	398	0	0	0	0	2672	0	0	0	0	16803	0	0	0	0	0	0	0	0	0	0	0	31905	0	0	0	0	0	0	53958	0	0	178377	33928	0	58022	0	1623935	0	0	0	0	0
FFQ	47	0	0	0	0	411	0	0	5491	0	0	0	0	0	21663	0	0	0	0	0	0	0	0	0	0	0	0	60035	0	0	0	0	0	0	72323	91176	0	409052	669709	670140	0	0	0	0	0
FFQ	48	13	0	0	0	0	433	4549	0	0	0	0	0	0	19386	0	0	0	0	0	0	0	0	0	0	55084	0	0	0	0	0	49726	0	100303	0	126533	0	280831	1363142	0	0	0	0	0	0
FFQ	49	0	0	0	0	0	0	653	6817	0	0	0	0	0	0	0	25769	0	0	0	0	0	0	0	0	0	0	0	0	83424	0	0	0	0	0	114662	91694	365599	331274	980108	0	0	0	0	0
FFQ	50	261	0	0	0	39	100	672	0	8413	0	334	0	0	0	0	0	212	31352	0	519	0	1530	2077	0	4541	0	0	0	0	0	149810	0	0	14981	139353	0	282239	303493	0	1060074	0	0	0	0
FFQ	51	18	29	305	0	715	669	0	0	7118	0	0	0	1338	0	24428	0	699	2092	0	0	0	1532	2853	2450	2075	0	9730	78083	0	0	0	0	0	0	62304	640845	0	1162717	0	0	0	0	0	0
FFQ	52	184	388	314	757	1428	0	0	0	5895	1235	0	0	1406	22271	0	577	1878	1444	3977	0	1500	2123	0	2658	0	0	68674	16841	0	12052	0	0	0	0	325448	143346	618045	0	767559	0	0	0	0	0
FFQ	53	56	2	0	788	0	0	0	0	9257	0	0	0	0	0	0	0	33833	0	0	0	0	0	0	0	0	0	0	0	0	116926	0	0	0	0	89648	432695	725030	349795	241970	0	0	0	0	0
FFQ	54	62	0	334	787	0	0	640	0	7734	0	0	0	0	1660	25887	0	720	866	0	1290	1645	0	5117	0	1790	0	0	0	89204	0	0	0	66201	0	0	174341	1504975	76954	0	39793	0	0	0	0
FFQ	55	56	0	0	0	0	829	0	0	7974	0	0	0	0	0	0	0	36783	0	0	0	0	0	0	0	0	0	0	0	100478	0	0	0	0	0	0	0	0	1853880	0	0	0	0	0	0
FFQ	56	64	0	0	827	0	0	0	6707	0	0	0	0	24372	0	0	0	0	0	0	0	0	0	0	0	0	72883	0	0	0	0	0	0	0	0	179431	316804	371005	432226	199949	63084	332648	0	0	0
FFQ	57	0	0	0	0	0	0	833	0	6898	0	0	0	0	24765	0	0	0	0	0	0	0	0	0	0	0	74032	0	0	0	0	0	27061	79924	102713	84167	41182	1558425	0	0	0	0	0	0	0
FFQ	58	5	32	112	0	98	0	5951	585	0	209	334	0	22279	0	0	0	1087	0	0	0	486	0	3076	2217	4911	58584	0	0	0	0	0	10030	47379	173476	34743	217419	141072	0	1275915	0	0	0	0	0
FFQ	59	0	1	0	0	0	905	0	7274	0	0	0	0	0	26274	0	0	0	0	0	0	0	0	0	0	0	76991	0	0	0	0	0	0	82433	0	0	312188	431127	361813	0	700994	0	0	0	0
FFQ	60	0	0	0	0	913	93	0	9268	0	0	0	0	0	0	29791	0	0	0	0	0	0	0	0	0	0	0	0	84263	0	0	17737	0	55817	72141	77219	57088	0	24429	1571241	0	0	0	0	0
FFQ	61	28	0	0	0	0	623	6560	0	0	0	0	0	24268	0	0	0	0	0	0	0	0	0	0	0	0	59899	0	0	0	0	51443	0	0	0	117533	579805	704697	0	455144	0	0	0	0	0
FFQ	62	9	45	0	0	0	647	164	8104	487	0	0	0	0	26957	361	0	120	1060	355	490	0	0	0	0	0	0	66152	0	0	20804	56966	0	0	61157	249300	411469	0	117413	977940	0	0	0	0	0
FFQ	63	0	0	642	167	0	0	6753	0	0	0	660	21079	0	0	0	0	0	0	0	0	0	0	1891	55080	0	0	0	0	0	0	0	0	22528	140926	0	354092	370335	562678	207848	255321	0	0	0	0
FFQ	64	32	0	0	891	0	0	0	6674	0	0	0	0	25445	0	0	0	688	0	0	0	0	1909	0	0	61614	0	0	0	0	0	20530	69142	0	0	0	391849	401841	1019385	0	0	0	0	0	0
FFQ	65	0	42	674	0	102	0	0	203	8526	0	0	0	0	29028	0	0	0	0	0	0	0	0	0	0	0	69113	0	0	0	0	0	63454	57181	78162	0	279039	0	299027	0	1115449	0	0	0	0
FFQ	66	0	0	0	1017	0	0	0	0	8507	0	0	0	30171	0	0	0	0	0	0	0	0	0	0	0	0	0	83629	0	0	0	47218	0	0	40777	442042	0	79507	145162	1121970	0	0	0	0	0
FFQ	67	218	0	0	756	0	0	0	9138	0	0	0	0	0	30520	0	0	0	0	0	0	0	0	0	0	0	0	71878	0	0	0	0	0	80149	0	0	394115	433376	927334	52516	0	0	0	0	0
FFQ	68	125	0	0	0	0	0	0	11966	0	0	0	0	0	0	34170	0	0	0	0	0	0	0	0	0	0	0	0	94913	0	34035	0	0	0	122335	233210	0	0	175275	1293971	0	0	0	0	0
FFQ	69	0	1334	1641	0	137	928	1862	7669	481	0	0	714	28513	0	0	0	2004	0	2546	1747	2237	0	0	65389	0	6922	0	0	0	0	91280	0	121454	0	225086	0	615035	823021	0	0	0	0	0	0
FFQ	70	0	0	0	0	0	762	0	7823	0	0	0	28809	0	0	0	0	0	0	0	0	0	0	0	0	67749	0	0	0	0	0	0	0	56434	0	129361	263832	437082	190993	817155	0	0	0	0	0
FFQ	71	80	0	0	834	0	0	7990	0	0	0	0	24353	0	0	0	0	0	0	0	0	0	0	0	61635	0	0	0	0	0	0	0	67827	0	0	303788	0	401761	0	728957	317408	85367	0	0	0
FFQ	72	168	0	825	153	0	0	5228	0	0	0	0	27993	537	0	0	0	0	0	0	1252	0	0	0	44090	0	0	0	0	0	0	90537	0	0	0	153983	411823	777633	485778	0	0	0	0	0	0
FFQ	73	184	0	0	0	0	1205	0	0	9876	0	0	0	0	34120	0	0	0	0	0	0	0	0	0	0	0	92632	0	0	0	18867	28453	58117	0	0	76323	0	0	0	1680223	0	0	0	0	0
FFQ	74	69	22	0	817	0	116	0	8398	0	0	0	0	31253	0	0	390	312	413	242	238	1570	0	0	0	71500	0	0	0	0	0	0	114943	0	0	184084	180069	359984	0	0	1045580	0	0	0	0
FFQ	75	78	0	0	0	868	0	8773	0	0	0	0	0	32245	0	0	0	0	0	0	0	0	0	0	0	0	72383	0	0	0	0	0	59708	0	120363	151188	305830	283297	728486	0	0	0	0	236781	0
FFQ	76	0	0	0	0	0	899	0	10218	0	0	0	0	0	33508	0	0	0	0	0	0	0	0	0	0	0	73996	0	0	0	0	0	0	0	61446	0	0	929849	621834	0	0	0	268250	0	0
FFQ	77	0	0	0	0	843	0	0	0	8624	0	0	25891	0	0	0	0	0	0	0	0	0	0	0	61733	0	0	0	0	0	0	0	0	74872	50329	112536	828524	238390	598258	0	0	0	0	0	0
FFQ	78	3	218	957	1261	1667	0	10130	0	2596	0	0	0	33627	868	3030	0	2347	0	3866	962	3700	2974	676	0	0	0	89575	0	0	0	0	0	0	0	104653	771402	0	560450	405038	0	0	0	0	0
FFQ	79	11	0	928	0	0	0	8957	0	0	0	0	0	31956	0	0	0	0	0	0	0	0	0	0	69778	0	0	0	0	0	0	0	0	0	123794	75218	770703	0	486395	432260	0	0	0	0	0
FFQ	80	0	0	0	928	0	0	0	0	11170	0	0	0	0	35802	0	0	0	0	0	0	0	0	0	0	0	0	77993	0	0	28891	0	38431	50255	0	78205	105649	0	0	1572676	0	0	0	0	0
FFQ	81	41	489	0	0	933	0	0	6818	0	0	0	30448	0	0	0	2871	0	731	0	1480	1108	0	45527	0	0	0	0	0	0	16605	0	70861	0	0	271132	0	815273	649761	0	0	85922	0	0	0
FFQ	82	4	0	0	0	21	109	1472	10924	0	0	0	0	0	36746	0	0	0	0	0	0	0	0	0	0	0	0	0	93090	0	16616	15280	0	0	0	0	0	33697	1792041	0	0	0	0	0	0
FFQ	83	8	0	0	0	0	1409	0	11185	0	0	0	0	0	37402	0	0	0	0	0	0	0	0	0	0	0	0	94516	0	0	0	0	0	0	0	72441	0	499030	892094	391915	0	0	0	0	0
FFQ	84	29	39	590	0	1350	0	10480	1447	0	0	0	0	35793	1931	0	1366	1260	907	0	1359	2750	614	0	73257	0	0	0	0	15191	0	0	0	128925	92079	0	244429	621041	387785	297011	0	80367	0	0	0
FFQ	85	0	0	54	57	402	0	1287	11998	502	0	0	0	0	38324	0	0	0	0	0	0	0	0	0	0	0	81308	0	0	0	0	0	20346	0	0	66471	153668	993091	632492	0	0	0	0	0	0
FFQ	86	0	1001	484	0	0	947	0	12235	0	0	0	0	0	41037	0	576	2393	482	723	0	1473	0	0	1276	0	0	83095	0	0	0	30159	0	0	51439	75016	152675	0	1544989	0	0	0	0	0	0
FFQ	87	411	0	104	0	636	0	303	6901	0	0	0	28798	0	621	0	0	0	0	0	0	0	55800	0	0	0	0	0	0	0	0	60431	0	0	0	126811	453129	829021	437034	0	0	0	0	0	0
FFQ	88	106	0	0	0	731	0	0	6957	0	0	29532	0	0	0	0	0	0	0	0	0	57528	0	0	0	0	0	0	0	0	0	0	164531	0	0	0	546492	203823	762589	227711	0	0	0	0	0
FFQ	89	0	0	0	1074	0	0	0	6809	0	0	0	35267	0	0	0	0	0	0	0	0	0	0	52089	0	0	0	0	0	12630	21741	13715	0	0	0	0	15285	1841390	0	0	0	0	0	0	0
FFQ	90	0	0	0	1535	0	0	0	12990	0	0	0	0	0	42262	0	0	0	0	0	0	0	0	0	0	0	104038	0	0	0	0	0	0	0	0	79346	714991	880045	0	164793	0	0	0	0	0
FFQ	91	14	94	0	0	0	1102	0	13910	0	0	0	0	0	42737	0	529	0	0	0	0	0	0	0	0	0	0	89261	0	0	0	20121	0	0	71302	0	316337	523143	707132	214318	0	0	0	0	0
FFQ	92	7	0	349	0	1153	0	0	831	13608	0	0	0	0	44526	234	0	0	0	239	254	0	0	0	0	0	90209	0	17532	0	0	0	32558	40012	264469	48598	0	0	1385814	59607	0	0	0	0	0
FFQ	93	163	746	0	0	0	0	7708	0	0	0	0	32011	0	0	0	0	0	0	0	0	60364	0	0	0	0	0	0	0	0	0	0	0	50052	97807	122604	260936	556433	394500	416676	0	0	0	0	0
FFQ	94	249	0	313	1119	0	0	186	0	11345	567	0	33679	0	561	0	0	0	0	0	1295	0	0	76570	0	0	0	0	0	0	15646	0	48142	78135	36416	0	41744	66674	0	1587359	0	0	0	0	0
FFQ	95	0	0	0	0	1179	0	11950	0	0	0	0	0	35017	0	0	0	0	0	0	0	0	0	0	79380	0	0	0	0	0	0	0	81658	0	134859	0	392505	0	888177	375275	0	0	0	0	0
FFQ	96	85	0	0	0	116	0	8130	0	766	0	33687	405	0	0	0	0	0	0	0	0	0	63938	0	0	0	0	0	0	13447	127073	0	0	0	51370	0	335828	1365155	0	0	0	0	0	0	0
FFQ	97	124	0	0	0	831	0	8251	0	0	0	34167	0	0	0	0	0	0	0	0	0	63409	0	0	0	0	0	0	0	0	52973	0	77459	0	0	520397	0	322269	292224	627896	0	0	0	0	0
FFQ	98	4	1	0	23	226	1247	317	8447	674	0	0	0	40010	0	0	0	0	0	0	0	0	1609	56804	0	0	0	0	0	0	0	106820	0	23075	156723	0	533873	1070147	0	0	0	0	0	0	0
FFQ	99	0	0	0	1215	0	0	0	13007	0	0	0	0	44089	0	0	0	0	0	0	0	0	0	0	0	91112	0	0	0	0	0	0	72070	0	107341	316434	627583	266690	0	0	460459	0	0	0	0
FFQ	100	1673	22	0	96	0	785	10050	0	446	0	31582	1069	0	0	0	840	0	85380	0	2228	0	2993	1685	1285	2403	0	0	70726	19611	0	0	86051	0	138802	434576	273425	0	202673	0	631599	0	0	0	0
# Last Fragment Qualities. Use `grep ^LFQ | cut -f 2-` to extract this part.
# Columns correspond to qualities and rows to cycles. First column is the cycle number.
LFQ	1	1400	0	0	5	0	0	0	0	0	0	0	182	4128	0	0	0	0	0	0	1714	0	19065	0	78131	1895375	0	0	0	0	0	0	0	0	0	0	0	0	0	0	0	0	0	0	0
LFQ	2	215	33	0	28	223	0	0	0	0	0	695	0	977	0	0	2448	0	15233	0	4334	4909	0	4151	0	0	2498	0	4480	0	66781	0	387194	1384010	0	0	121791	0	0	0	0	0	0	0	0
LFQ	3	151	836	142	0	806	0	0	317	1482	424	0	5910	706	894	696	0	0	0	0	13169	18703	0	0	0	0	0	0	0	0	0	120757	116531	616862	796140	247373	58101	0	0	0	0	0	0	0	0
LFQ	4	100	16	49	508	0	273	0	0	672	0	8061	0	0	722	2539	0	0	1316	2293	6842	0	4539	40381	0	2664	1668	0	8092	5210	0	45222	0	0	643791	719373	362439	143230	0	0	0	0	0	0	0
LFQ	5	31	0	0	0	0	57	0	64	228	957	5932	0	0	0	462	0	0	0	1214	729	5627	30991	3699	0	0	0	0	0	12957	20680	35692	0	0	0	0	0	1880680	0	0	0	0	0	0	0
LFQ	6	22	0	16	158	0	384	60	898	0	0	0	287	9273	0	0	524	1661	609	2053	353	1247	0	0	0	46775	0	0	0	0	0	41017	0	0	0	0	1894663	0	0	0	0	0	0	0	0
LFQ	7	0	76	0	0	385	0	0	762	0	688	0	7715	0	0	0	0	2989	0	0	0	0	0	34566	0	0	0	0	0	19313	0	0	46354	0	0	0	0	1555026	220209	111917	0	0	0	0	0
LFQ	8	1	60	145	0	317	0	0	0	687	0	587	8170	0	0	0	0	1704	0	520	2399	0	37914	1988	0	0	4415	0	0	0	7611	0	0	73413	52753	100593	423177	1176005	107541	0	0	0	0	0	0
LFQ	9	0	0	0	38	51	6	0	0	1047	0	0	9658	246	0	0	0	0	0	0	0	0	0	0	39921	0	0	0	23582	0	27728	0	0	0	235862	212959	0	0	1448902	0	0	0	0	0	0
LFQ	10	19	41	0	472	0	0	0	0	0	7139	0	0	1062	0	0	3717	0	0	0	1631	32377	2334	3181	3545	1940	0	3967	0	0	0	0	41599	0	92829	727960	0	1024058	52129	0	0	0	0	0	0
LFQ	11	0	0	3	0	0	41	0	891	0	6463	313	0	0	0	0	0	0	0	0	0	30600	0	0	0	0	0	0	0	0	0	42162	0	0	0	195474	229059	982531	336425	176038	0	0	0	0	0
LFQ	12	33	0	81	0	0	0	0	0	1765	0	0	0	0	15658	0	0	0	0	0	0	0	0	0	0	0	0	79754	0	11934	0	14842	0	0	0	0	0	0	1875933	0	0	0	0	0	0
LFQ	13	219	0	43	0	0	0	1035	0	0	0	7402	0	0	0	0	0	0	0	0	0	32827	0	0	0	0	0	0	0	0	0	0	0	43915	0	114653	339121	488758	0	972027	0	0	0	0	0
LFQ	14	162	0	62	0	0	0	0	1132	0	0	9534	0	0	0	0	0	0	0	0	0	0	37949	0	0	0	0	0	0	0	0	0	87014	37236	57805	290172	0	131480	384548	0	198460	764446	0	0	0
LFQ	15	0	47	31	555	0	111	2083	560	0	0	844	0	13730	2168	0	2474	850	4405	6448	2550	4151	0	1527	0	7867	61343	2451	0	0	8707	0	51477	0	102392	0	0	1354950	368279	0	0	0	0	0	0
LFQ	16	175	0	0	0	87	0	1415	0	0	0	8515	0	0	0	0	0	0	0	0	35108	0	0	0	0	0	0	0	0	0	0	45257	0	0	58857	0	323032	680176	0	516066	0	331312	0	0	0
LFQ	17	168	36	250	582	0	403	811	0	0	0	11471	0	0	708	3886	0	2082	1605	1646	23847	19207	7373	0	3329	0	2209	18674	9133	26122	37047	16375	0	31974	0	156890	62139	0	1562033	0	0	0	0	0	0
LFQ	18	194	0	0	0	0	88	1623	0	0	0	11894	0	0	0	0	0	0	0	0	0	0	42017	0	0	0	0	0	0	0	52193	0	0	0	0	275619	0	973294	489009	0	154069	0	0	0	0
LFQ	19	924	13	164	0	95	476	1768	0	0	9847	0	952	0	0	0	692	0	1166	938	5829	536	36992	0	0	13721	0	0	0	0	46218	0	0	60532	0	201716	446615	861470	0	0	309336	0	0	0	0
LFQ	20	325	0	0	0	0	145	0	1135	0	11220	0	0	0	0	0	0	0	0	0	26049	0	0	0	0	0	0	0	28659	0	32215	0	0	44719	100724	0	173820	1580989	0	0	0	0	0	0	0
LFQ	21	41	14	0	305	0	0	0	2189	0	572	13069	0	0	0	0	1416	732	0	1151	0	560	47026	1969	2872	0	0	18132	0	10683	0	21871	49873	0	25027	51643	0	1750855	0	0	0	0	0	0	0
LFQ	22	297	0	0	0	239	0	0	1322	0	12416	408	0	0	0	0	0	0	0	0	26826	1269	0	0	0	0	0	0	0	0	49470	0	0	0	0	74649	410410	0	362471	480314	439875	0	0	140034	0
LFQ	23	31	21	169	0	0	92	1543	0	0	0	12765	0	319	0	0	0	0	0	0	313	28509	641	0	4753	1367	0	2379	2808	0	39014	10070	0	0	0	77527	365008	50778	472682	929211	0	0	0	0	0
LFQ	24	3	88	555	0	953	268	0	3926	0	0	1081	18335	0	1268	0	5410	3124	5444	0	3130	3488	2873	7240	56330	3750	0	2783	0	22830	7573	0	59646	75516	13787	150542	189005	720157	640895	0	0	0	0	0	0
LFQ	25	31	12	0	77	0	212	0	2846	0	0	248	15630	0	0	253	130	0	937	0	353	0	48307	0	0	0	0	0	0	0	42786	0	0	0	46193	88531	424917	133137	349111	0	846289	0	0	0	0
LFQ	26	13	0	0	0	0	251	3011	0	0	13627	0	0	0	0	0	0	0	0	0	0	43881	0	0	0	0	0	0	0	0	0	39442	0	0	150516	339962	290318	0	370517	0	748462	0	0	0	0
LFQ	27	34	18	0	248	234	0	747	3744	0	94	16841	0	1671	0	0	0	863	0	1292	8292	2972	49879	0	0	5634	1413	0	11553	0	19288	15695	26655	0	49821	21053	22115	1703220	36624	0	0	0	0	0	0
LFQ	28	38	0	0	259	0	0	0	3527	0	0	18106	0	0	0	0	0	0	0	0	0	51965	0	0	0	0	0	0	0	0	48443	12033	0	41997	0	57488	59134	0	1707010	0	0	0	0	0	0
LFQ	29	765	53	55	500	453	2155	0	1840	0	16146	2404	0	0	2443	0	302	9503	1839	2701	31830	3197	0	748	10691	0	0	18802	0	0	42976	0	0	72361	17604	0	367413	1302096	91123	0	0	0	0	0	0
LFQ	30	537	0	0	0	497	106	0	4706	0	0	0	21918	0	0	0	0	0	457	334	0	2271	507	0	69823	0	0	0	0	0	0	0	74644	0	0	352304	326531	894213	0	251152	0	0	0	0	0
LFQ	31	570	0	0	0	392	0	0	5166	0	0	0	22987	0	0	0	0	0	0	0	0	0	0	0	61709	0	0	0	0	0	0	52499	0	0	104997	0	329137	0	1100973	0	0	0	321570	0	0
LFQ	32	79	21	213	332	517	0	4343	0	0	0	17637	0	0	0	1424	0	0	0	1973	6092	49893	0	0	0	13232	0	0	0	42464	0	0	0	0	46241	287456	195578	131728	0	337453	0	863324	0	0	0
LFQ	33	647	228	3786	0	553	2389	0	5475	652	0	824	25173	524	0	2524	0	3395	3631	6042	0	3487	2203	65110	2558	0	2656	0	0	0	37192	23161	0	50817	0	0	166129	162167	339511	0	1089166	0	0	0	0
LFQ	34	0	0	0	243	0	378	6230	0	684	0	0	24219	0	0	1078	1809	0	0	2641	327	5236	5468	63082	1199	1702	0	0	0	0	0	97798	0	0	89172	216519	176429	0	365945	781129	158712	0	0	0	0
LFQ	35	223	0	0	0	434	0	5013	0	0	0	22710	0	0	0	0	0	0	0	0	0	0	59099	0	0	0	0	0	0	0	0	49766	53620	0	0	211388	207124	205045	342981	842597	0	0	0	0	0
LFQ	36	6	0	0	0	0	0	5275	442	0	19331	0	0	0	0	0	0	0	0	0	0	55180	0	0	0	0	0	0	0	61029	0	0	0	128668	0	163037	185691	0	1381341	0	0	0	0	0	0
LFQ	37	0	0	0	0	523	0	5428	0	0	0	24116	0	0	0	0	0	0	0	0	0	0	61288	0	0	0	0	0	0	0	0	0	0	182935	0	188465	419413	607345	510487	0	0	0	0	0	0
LFQ	38	165	0	0	531	0	0	5602	0	0	20787	0	0	0	0	0	0	0	0	0	0	57475	0	0	0	0	0	0	0	62637	0	0	0	0	235273	0	412223	377151	618925	0	0	209231	0	0	0
LFQ	39	5	0	0	537	0	0	7372	0	0	0	0	29036	0	0	0	0	0	0	0	0	0	0	0	70331	0	0	0	0	0	0	0	0	0	116785	0	59088	0	552260	1164586	0	0	0	0	0
LFQ	40	517	1	69	64	252	607	6555	0	0	397	24662	1150	0	157	428	671	2564	807	535	1838	0	62072	0	0	0	0	0	0	0	0	23547	36421	92211	0	192989	431185	134000	0	986301	0	0	0	0	0
LFQ	41	996	0	0	284	537	0	4533	0	0	24633	0	0	0	0	2292	273	228	836	652	41451	447	0	0	0	0	0	0	18066	39978	0	43028	57871	0	228416	0	199285	1180924	155270	0	0	0	0	0	0
LFQ	42	390	0	0	0	0	589	4079	0	0	25393	0	0	0	0	0	0	0	0	0	43446	0	0	0	0	0	0	0	0	0	69735	0	0	126810	0	0	588162	0	619712	521684	0	0	0	0	0
LFQ	43	0	0	0	0	0	609	6445	0	0	0	25994	0	0	0	0	0	0	0	0	0	0	61750	0	0	0	0	0	0	0	0	0	49879	97019	0	0	175126	119775	623040	418511	0	421852	0	0	0
LFQ	44	31	0	0	3	185	56	641	6560	0	0	21980	564	0	0	0	0	0	0	534	57109	0	1336	812	1057	0	0	0	0	0	20317	0	79175	0	48734	18901	0	172555	1536415	0	33035	0	0	0	0
LFQ	45	446	0	16	59	634	354	0	6684	0	624	26951	0	114	154	0	92	117	0	236	1173	3470	63951	0	0	0	0	0	0	0	66479	0	0	17372	16672	0	424458	173692	1196252	0	0	0	0	0	0
LFQ	46	196	0	0	0	703	0	7251	0	0	0	23452	0	0	0	0	0	0	0	0	59298	0	0	0	0	0	0	0	0	0	96824	0	0	0	293713	359451	0	0	1030130	128982	0	0	0	0	0
LFQ	47	119	0	0	454	0	0	4945	0	0	22856	0	0	0	0	0	0	0	46929	0	0	0	0	0	0	0	0	0	52358	0	0	0	0	64225	123562	0	435842	453139	311875	483696	0	0	0	0	0
LFQ	48	128	0	0	747	0	0	7640	0	0	0	29569	0	0	0	0	0	0	0	0	0	66255	0	0	0	0	0	0	0	0	37995	0	0	50723	0	428027	67277	213648	0	1097991	0	0	0	0	0
LFQ	49	0	0	0	6	749	67	7719	162	562	0	24735	88	0	0	160	0	386	217	607	60481	0	0	0	0	0	0	0	0	0	62680	0	98990	0	0	332732	339559	331164	436777	0	302159	0	0	0	0
LFQ	50	8	0	0	837	0	0	8153	0	0	0	30729	0	0	0	0	0	0	0	0	0	0	67826	0	0	0	0	0	0	0	0	0	71497	0	0	169088	290713	352577	421451	0	358422	228699	0	0	0
LFQ	51	98	0	0	0	0	825	9459	0	0	0	0	32583	0	0	0	0	0	0	0	0	0	0	0	70640	0	0	0	0	0	0	0	55990	0	0	107214	860666	601160	0	0	261365	0	0	0	0
LFQ	52	0	0	0	0	0	847	0	9706	0	0	0	33589	0	0	0	0	0	0	0	0	0	0	73057	0	0	0	0	0	0	0	0	0	40830	75698	0	249335	150082	266560	954644	145652	0	0	0	0
LFQ	53	124	0	0	0	164	0	8047	892	0	0	25332	551	0	0	0	0	0	0	0	60847	0	0	0	0	0	0	0	0	0	47375	0	0	0	90132	109596	22665	361901	614481	499212	158681	0	0	0	0
LFQ	54	72	37	0	1215	0	0	8178	0	0	1032	30453	0	0	0	2103	0	604	812	0	697	0	69348	1591	1209	0	0	0	0	0	68382	0	12718	0	109163	0	446512	0	727469	518405	0	0	0	0	0
LFQ	55	0	54	0	17	930	184	0	8209	459	488	30519	0	0	0	0	0	0	995	0	0	66665	0	0	0	0	0	0	0	23843	0	44793	37460	23707	0	94714	82930	184498	1399535	0	0	0	0	0	0
LFQ	56	474	0	0	0	876	0	0	8552	0	0	27099	0	0	0	0	0	0	0	0	64008	0	0	0	0	0	0	0	0	64575	0	0	0	78211	148972	0	0	778221	235798	351035	0	242179	0	0	0
LFQ	57	664	0	0	20	1071	0	0	5584	0	0	30216	0	658	0	0	0	0	0	45576	1686	0	0	0	0	0	0	0	0	0	67346	0	71006	0	0	435031	491748	849394	0	0	0	0	0	0	0
LFQ	58	878	0	0	0	851	0	9014	0	0	0	33526	0	0	0	0	0	0	0	0	0	0	71602	0	0	0	0	13327	14330	21031	33015	19205	22769	0	0	0	11996	0	1748456	0	0	0	0	0	0
LFQ	59	798	0	0	0	905	0	0	11018	0	0	0	37983	0	0	0	0	0	0	0	0	0	0	0	78831	0	0	0	0	0	0	0	61140	0	0	474065	511682	0	356030	467548	0	0	0	0	0
LFQ	60	168	7	92	0	915	0	6184	0	0	0	32379	624	0	0	0	0	502	0	509	48611	0	468	555	0	0	0	0	55694	0	0	67222	0	0	201554	19020	238784	333844	0	273253	719615	0	0	0	0
LFQ	61	0	0	300	0	1226	607	9134	0	0	0	33104	1151	0	0	0	0	1250	1903	4106	857	68292	1262	3730	5248	1664	0	0	0	0	0	59404	0	83157	0	0	555551	199693	691939	0	0	276422	0	0	0
LFQ	62	76	0	0	184	0	1237	9086	573	0	867	33164	0	0	0	0	1787	633	0	2160	0	66896	1933	1659	24132	0	0	0	14262	0	50464	0	71287	0	103892	0	0	513501	598579	0	503628	0	0	0	0
LFQ	63	88	0	0	0	0	1071	0	9577	0	0	34421	0	0	0	0	0	0	0	0	0	0	69770	0	0	0	0	0	0	0	0	0	68557	107564	0	0	207169	927485	0	119560	454738	0	0	0	0
LFQ	64	70	0	0	90	1031	0	0	10291	0	29203	0	0	0	0	989	0	738	229	287	64848	0	0	0	0	0	0	0	0	0	62763	0	0	20610	75130	142572	0	777748	173607	318026	0	321768	0	0	0
LFQ	65	1123	0	0	0	732	0	6900	0	0	28584	0	0	0	0	0	0	0	52676	0	0	0	0	0	0	0	0	54327	0	0	0	0	0	0	0	84292	0	888587	708825	0	0	173954	0	0	0
LFQ	66	229	0	0	0	1099	0	0	10321	0	0	36211	0	0	0	0	0	0	0	0	0	72837	0	0	0	0	0	0	0	0	0	71076	0	85279	0	0	0	590495	697965	193918	240570	0	0	0	0
LFQ	67	71	81	0	1148	0	469	10292	0	0	0	36892	0	0	0	0	0	0	0	0	0	72110	0	0	0	0	0	0	24111	0	0	0	38417	96392	60315	95742	22178	45499	0	1496283	0	0	0	0	0
LFQ	68	0	0	47	1172	451	0	6820	0	1123	34803	0	0	0	0	447	2506	0	647	49967	883	0	658	0	0	0	46436	0	0	39229	0	32263	0	0	228706	0	60720	0	1493122	0	0	0	0	0	0
LFQ	69	0	0	0	0	1120	0	10862	0	0	31899	0	0	0	0	0	0	0	0	0	69105	0	0	0	0	0	0	0	0	36539	0	66070	0	67912	89620	0	118714	425894	0	1082265	0	0	0	0	0
LFQ	70	2	1	0	0	1161	142	7469	0	0	0	36005	0	756	0	0	0	0	0	49843	0	0	0	0	0	0	0	0	0	79123	0	29760	68032	56561	0	56708	0	47295	1567142	0	0	0	0	0	0
LFQ	71	350	0	0	1169	0	0	0	11283	0	33038	0	0	0	0	0	0	0	0	0	71576	0	0	0	0	0	0	0	52349	0	0	0	0	227856	0	106107	292809	346229	0	0	857234	0	0	0	0
LFQ	72	49	0	0	165	1195	696	11190	236	0	32911	723	0	0	0	0	824	0	551	70185	356	3078	1301	3641	2183	2926	1573	0	0	36691	0	22839	0	60293	16970	309678	260387	0	1159359	0	0	0	0	0	0
LFQ	73	1	0	0	1190	0	0	7631	0	0	38733	0	0	0	0	0	0	0	0	52511	0	0	0	0	0	0	0	0	0	74392	0	0	99113	0	0	0	188148	895971	425798	0	216512	0	0	0	0
LFQ	74	622	0	119	683	1186	0	0	11819	0	1285	40608	0	0	0	0	3189	0	0	0	3998	78102	2567	0	1259	1596	0	0	9791	0	0	0	75858	0	117946	215486	773786	660100	0	0	0	0	0	0	0
LFQ	75	142	1	0	1236	0	0	12253	0	0	0	35253	0	0	0	0	0	0	0	0	75137	0	0	0	0	0	0	0	24828	0	35336	29851	0	0	212082	0	55282	0	0	1518599	0	0	0	0	0
LFQ	76	51	0	0	0	1265	0	8059	0	0	39957	0	0	0	0	0	0	0	0	54040	0	0	0	0	0	0	0	0	76117	0	0	0	0	77156	0	146137	0	498788	315038	783392	0	0	0	0	0
LFQ	77	577	73	0	1447	1326	0	1437	13411	0	35256	0	2144	341	3209	0	459	3245	838	3665	74229	2372	0	16646	0	0	0	5533	70630	0	0	0	0	0	0	171608	0	443702	343129	416659	388064	0	0	0	0
LFQ	78	8	0	0	0	1338	0	0	12875	0	0	43630	0	0	0	0	0	0	0	0	0	82720	0	0	0	0	0	0	0	0	0	60422	0	0	112893	135507	324619	253912	700577	0	271499	0	0	0	0
LFQ	79	106	0	0	0	1342	0	0	13033	0	0	43870	0	0	0	0	0	0	0	0	0	83647	0	0	0	0	0	0	0	0	0	80154	0	0	124467	0	228994	379218	196655	328566	426151	93797	0	0	0
LFQ	80	0	1	0	0	0	1369	8463	0	0	42184	0	0	0	0	0	0	0	0	56995	0	0	0	0	0	0	0	0	78337	0	0	0	0	105589	0	421608	0	720694	0	424238	0	0	0	140522	0
LFQ	81	57	0	0	574	904	0	9094	0	1107	35754	0	0	0	2155	0	259	414	63849	291	1078	491	0	0	0	0	0	62660	0	0	0	16787	0	0	255500	286425	675721	0	0	497206	89674	0	0	0	0
LFQ	82	219	1	0	909	148	0	9125	525	0	36502	0	0	0	0	0	977	0	63789	361	875	968	741	1664	0	0	0	63118	0	0	0	0	0	0	96279	169334	0	654427	764850	0	0	0	135188	0	0
LFQ	83	25	0	0	0	1529	0	0	14223	0	38979	0	907	0	0	0	0	0	0	80511	397	486	693	3518	1087	0	0	0	0	75808	0	0	0	88864	16730	0	508037	391121	449638	327447	0	0	0	0	0
LFQ	84	513	0	0	0	1238	0	9358	0	0	37156	698	0	0	0	1342	229	0	65765	688	796	487	599	0	0	0	23228	0	0	0	42150	63744	0	34129	0	156493	101454	1459933	0	0	0	0	0	0	0
LFQ	85	634	0	97	0	1430	0	9494	0	0	0	46133	0	136	282	0	330	147	0	60050	0	0	0	0	0	0	0	0	0	66077	0	0	54792	0	0	144522	316024	308853	0	990999	0	0	0	0	0
LFQ	86	137	0	0	14	1486	127	9385	1284	0	45593	0	0	0	1012	859	0	0	0	59929	0	0	0	0	0	0	0	0	0	83168	0	0	0	285819	0	0	0	561686	715221	0	0	0	234280	0	0
LFQ	87	804	0	0	0	1507	0	9509	0	0	47240	0	0	0	0	0	0	0	0	0	61929	0	0	0	0	0	0	0	0	85602	0	0	0	143504	0	0	0	1119448	530457	0	0	0	0	0	0
LFQ	88	16	15	0	22	1806	350	9795	0	1352	814	45985	0	112	0	136	314	1777	213	60365	153	0	0	0	0	0	65625	0	0	0	21083	0	0	101105	0	171238	645812	0	436125	435787	0	0	0	0	0
LFQ	89	157	0	0	0	1621	0	0	15391	0	0	43334	0	0	0	0	0	0	0	0	88398	0	0	0	0	0	0	0	0	0	82423	0	0	0	127165	0	226313	603397	0	367072	323244	0	121485	0	0
LFQ	90	102	85	391	2260	0	0	9871	868	1567	47837	0	1427	0	0	0	3574	0	859	1473	66512	2474	5228	775	2523	1490	1979	2352	68852	0	8491	9952	0	0	80247	114572	0	316726	742104	0	505409	0	0	0	0
LFQ	91	87	0	0	0	1682	164	9873	544	623	49059	0	0	1041	234	1119	180	0	608	64100	0	472	0	0	0	0	0	0	87536	0	0	0	0	18466	0	200514	385069	0	393324	670027	0	0	115278	0	0
LFQ	92	86	0	144	0	1664	16	15860	503	0	44813	0	0	946	0	0	0	0	0	0	90596	0	0	0	0	0	0	0	0	64209	0	0	0	118572	0	0	732350	254247	394168	281826	0	0	0	0	0
LFQ	93	82	57	0	0	2218	0	0	17584	0	0	45071	0	2851	0	0	0	1705	0	0	96451	5141	1602	3408	2168	0	0	14585	0	35327	0	16706	40042	0	0	0	0	1715002	0	0	0	0	0	0	0
LFQ	94	9	0	0	1640	0	123	247	16286	0	0	46340	0	0	0	0	0	0	182	0	93364	1679	384	0	0	795	0	0	47488	0	0	84592	0	0	86816	127703	0	218712	144397	244927	884316	0	0	0	0
LFQ	95	174	17	0	1057	336	0	11573	0	0	44809	0	0	0	0	1057	0	298	0	75283	1614	2108	2483	720	1854	1084	0	0	0	55435	0	101547	0	0	133530	18052	526450	0	372217	0	242703	405599	0	0	0
LFQ	96	94	1	0	0	0	1673	11043	0	0	0	53734	0	0	0	0	0	0	0	0	69354	0	0	0	0	0	0	0	75523	0	0	0	87351	0	0	373278	528104	315880	0	483965	0	0	0	0	0
LFQ	97	169	0	0	0	1692	0	11127	0	0	0	54642	0	0	0	0	0	0	0	0	69649	0	0	0	0	0	0	0	0	95344	0	0	0	0	125940	194642	1023856	0	352876	70063	0	0	0	0	0
LFQ	98	620	17	0	1711	0	106	0	11557	0	0	54576	0	0	0	179	0	1409	0	214	69703	0	0	0	0	0	0	0	0	95066	0	0	0	0	0	125311	18895	859263	761373	0	0	0	0	0	0
LFQ	99	475	0	0	0	0	1960	900	11033	0	0	906	54613	0	1169	0	0	0	0	0	1820	70195	708	2225	1992	1383	1763	0	0	0	75977	0	133804	14674	0	62315	875318	0	0	0	686770	0	0	0	0
LFQ	100	727	1	0	180	88	170	1362	13881	622	0	61797	0	0	0	1399	1294	871	776	1112	114565	845	0	0	0	0	0	0	0	118314	18839	0	0	140309	0	18895	507960	242848	753145	0	0	0	0	0	0
# GC Content of first fragments. Use `grep ^GCF | cut -f 2-` to extract this part.
GCF	0.25	863
GCF	1.01	1401
GCF	2.01	2330
GCF	3.02	3775
GCF	4.02	5846
GCF	5.03	8456
GCF	6.03	11762
GCF	7.04	15872
GCF	8.04	21485
GCF	9.05	27771
GCF	10.05	34585
GCF	11.06	42252
GCF	12.06	50199
GCF	13.07	58901
GCF	14.07	67509
GCF	15.08	76789
GCF	16.08	84379
GCF	17.09	91824
GCF	18.09	96760
GCF	19.10	100263
GCF	20.10	101699
GCF	21.11	101029
GCF	22.11	98899
GCF	23.12	94311
GCF	24.12	88125
GCF	25.13	81205
GCF	26.13	73348
GCF	27.14	65468
GCF	28.14	58125
GCF	29.15	51471
GCF	30.15	45851
GCF	31.16	40688
GCF	32.16	35977
GCF	33.17	30683
GCF	34.17	25406
GCF	35.18	20154
GCF	36.18	15726
GCF	37.19	12425
GCF	38.19	9350
GCF	39.20	7432
GCF	40.20	5930
GCF	41.21	5027
GCF	42.21	4323
GCF	43.22	3760
GCF	44.22	3451
GCF	45.23	3072
GCF	46.23	2912
GCF	47.24	2965
GCF	48.24	2842
GCF	49.25	2712
GCF	50.25	2641
GCF	51.26	2794
GCF	52.26	2963
GCF	53.27	3385
GCF	54.27	3863
GCF	55.28	4530
GCF	56.28	5017
GCF	57.29	5851
GCF	58.29	6285
GCF	59.30	6852
GCF	60.30	7248
GCF	61.31	7510
GCF	62.31	7236
GCF	63.32	6902
GCF	64.32	6202
GCF	65.33	5600
GCF	66.33	4622
GCF	67.34	3797
GCF	68.34	2922
GCF	69.35	2177
GCF	70.35	1539
GCF	71.36	1062
GCF	72.36	632
GCF	73.37	426
GCF	74.37	237
GCF	75.38	149
GCF	76.38	61
GCF	77.39	35
GCF	78.39	21
GCF	79.40	20
GCF	80.40	13
GCF	81.41	4
GCF	82.41	5
GCF	83.42	7
GCF	84.42	2
GCF	85.93	1
# GC Content of last fragments. Use `grep ^GCL | cut -f 2-` to extract this part.
GCL	0.25	1043
GCL	1.01	1683
GCL	2.01	2565
GCL	3.02	4088
GCL	4.02	6106
GCL	5.03	8550
GCL	6.03	12041
GCL	7.04	15699
GCL	8.04	20926
GCL	9.05	27075
GCL	10.05	33583
GCL	11.06	41218
GCL	12.06	49516
GCL	13.07	57161
GCL	14.07	66608
GCL	15.08	75873
GCL	16.08	84082
GCL	17.09	91011
GCL	18.09	97094
GCL	19.10	100156
GCL	20.10	102097
GCL	21.11	101602
GCL	22.11	99503
GCL	23.12	94945
GCL	24.12	88429
GCL	25.13	81673
GCL	26.13	73716
GCL	27.14	65190
GCL	28.14	58587
GCL	29.15	51945
GCL	30.15	46467
GCL	31.16	41124
GCL	32.16	36045
GCL	33.17	31241
GCL	34.17	25642
GCL	35.18	20416
GCL	36.18	15919
GCL	37.19	12407
GCL	38.19	9500
GCL	39.20	7418
GCL	40.20	6051
GCL	41.21	4999
GCL	42.21	4464
GCL	43.22	3827
GCL	44.22	3377
GCL	45.23	2992
GCL	46.23	2883
GCL	47.24	2929
GCL	48.24	2968
GCL	49.25	2719
GCL	50.25	2687
GCL	51.26	2925
GCL	52.26	3015
GCL	53.27	3423
GCL	54.27	3818
GCL	55.28	4447
GCL	56.28	5065
GCL	57.29	5733
GCL	58.29	6259
GCL	59.30	6733
GCL	60.30	7112
GCL	61.31	7362
GCL	62.31	7225
GCL	63.32	6929
GCL	64.32	6318
GCL	65.33	5633
GCL	66.33	4639
GCL	67.34	3754
GCL	68.34	2888
GCL	69.35	2299
GCL	70.35	1559
GCL	71.36	1065
GCL	72.36	699
GCL	73.37	470
GCL	74.37	269
GCL	75.38	194
GCL	76.38	97
GCL	77.39	64
GCL	78.39	41
GCL	79.40	22
GCL	80.40	14
GCL	81.41	17
GCL	82.41	10
GCL	83.42	11
GCL	84.42	8
GCL	86.43	7
GCL	88.94	2
GCL	90.45	3
GCL	91.46	4
GCL	92.46	1
GCL	93.47	4
GCL	94.97	2
GCL	96.98	1
# ACGT content per cycle. Use `grep ^GCC | cut -f 2-` to extract this part. The columns are: cycle; A,C,G,T base counts as a percentage of all A/C/G/T bases [%]; and N and O counts as a percentage of all A/C/G/T bases [%]
GCC	1	38.16	12.00	12.27	37.57	0.06	0.00
GCC	2	39.49	10.50	10.83	39.18	0.01	0.00
GCC	3	38.83	11.21	11.16	38.80	0.01	0.00
GCC	4	38.44	11.52	11.72	38.32	0.02	0.00
GCC	5	38.52	11.38	11.62	38.47	0.01	0.00
GCC	6	38.21	11.78	11.87	38.14	0.00	0.00
GCC	7	38.51	11.42	11.63	38.44	0.00	0.00
GCC	8	38.71	11.28	11.29	38.71	0.00	0.00
GCC	9	38.51	11.45	11.54	38.50	0.00	0.00
GCC	10	38.68	11.26	11.49	38.57	0.00	0.00
GCC	11	38.75	11.20	11.33	38.72	0.00	0.00
GCC	12	38.63	11.35	11.45	38.57	0.00	0.00
GCC	13	38.61	11.30	11.48	38.60	0.01	0.00
GCC	14	38.74	11.23	11.37	38.66	0.00	0.00
GCC	15	38.54	11.41	11.53	38.52	0.00	0.00
GCC	16	38.52	11.39	11.56	38.53	0.00	0.00
GCC	17	38.59	11.34	11.50	38.57	0.00	0.00
GCC	18	38.41	11.53	11.62	38.43	0.00	0.00
GCC	19	38.37	11.52	11.72	38.39	0.02	0.00
GCC	20	38.48	11.46	11.58	38.48	0.01	0.00
GCC	21	38.34	11.61	11.71	38.33	0.00	0.00
GCC	22	38.29	11.62	11.80	38.29	0.01	0.00
GCC	23	38.41	11.52	11.69	38.38	0.00	0.00
GCC	24	38.29	11.70	11.78	38.22	0.00	0.00
GCC	25	38.32	11.66	11.76	38.25	0.00	0.00
GCC	26	38.39	11.56	11.71	38.34	0.00	0.00
GCC	27	38.21	11.74	11.85	38.20	0.00	0.00
GCC	28	38.27	11.70	11.83	38.19	0.00	0.00
GCC	29	38.33	11.62	11.74	38.31	0.02	0.00
GCC	30	38.19	11.73	11.87	38.22	0.01	0.00
GCC	31	38.27	11.70	11.85	38.18	0.01	0.00
GCC	32	38.33	11.62	11.75	38.30	0.00	0.00
GCC	33	38.18	11.77	11.90	38.15	0.02	0.00
GCC	34	38.23	11.73	11.89	38.16	0.01	0.00
GCC	35	38.39	11.60	11.74	38.26	0.01	0.00
GCC	36	38.18	11.79	11.88	38.15	0.00	0.00
GCC	37	38.24	11.75	11.88	38.13	0.00	0.00
GCC	38	38.32	11.62	11.75	38.31	0.01	0.00
GCC	39	38.14	11.79	11.90	38.16	0.00	0.00
GCC	40	38.22	11.73	11.92	38.13	0.01	0.00
GCC	41	38.24	11.66	11.79	38.30	0.02	0.00
GCC	42	38.20	11.77	11.89	38.15	0.01	0.00
GCC	43	38.19	11.76	11.93	38.13	0.00	0.00
GCC	44	38.33	11.64	11.77	38.26	0.01	0.00
GCC	45	38.13	11.82	11.92	38.13	0.01	0.00
GCC	46	38.20	11.74	11.90	38.16	0.00	0.00
GCC	47	38.32	11.64	11.77	38.27	0.00	0.00
GCC	48	38.13	11.82	11.92	38.13	0.00	0.00
GCC	49	38.17	11.78	11.94	38.11	0.00	0.00
GCC	50	38.29	11.63	11.79	38.30	0.01	0.00
GCC	51	38.14	11.81	11.90	38.15	0.00	0.00
GCC	52	38.16	11.80	11.91	38.13	0.00	0.00
GCC	53	38.28	11.68	11.77	38.28	0.00	0.00
GCC	54	38.14	11.80	11.94	38.13	0.00	0.00
GCC	55	38.19	11.75	11.89	38.17	0.00	0.00
GCC	56	38.33	11.65	11.76	38.26	0.01	0.00
GCC	57	38.12	11.82	11.92	38.14	0.02	0.00
GCC	58	38.17	11.76	11.92	38.15	0.02	0.00
GCC	59	38.31	11.65	11.80	38.24	0.02	0.00
GCC	60	38.10	11.81	11.91	38.18	0.00	0.00
GCC	61	38.18	11.77	11.96	38.09	0.00	0.00
GCC	62	38.24	11.68	11.79	38.28	0.00	0.00
GCC	63	38.18	11.77	11.90	38.15	0.00	0.00
GCC	64	38.17	11.78	11.90	38.15	0.00	0.00
GCC	65	38.30	11.65	11.80	38.25	0.03	0.00
GCC	66	38.12	11.83	11.92	38.13	0.01	0.00
GCC	67	38.19	11.74	11.91	38.15	0.01	0.00
GCC	68	38.27	11.68	11.76	38.30	0.00	0.00
GCC	69	38.13	11.82	11.94	38.11	0.00	0.00
GCC	70	38.17	11.75	11.90	38.17	0.00	0.00
GCC	71	38.30	11.68	11.79	38.23	0.01	0.00
GCC	72	38.14	11.81	11.89	38.16	0.01	0.00
GCC	73	38.18	11.73	11.95	38.14	0.00	0.00
GCC	74	38.25	11.66	11.80	38.29	0.02	0.00
GCC	75	38.17	11.80	11.88	38.16	0.01	0.00
GCC	76	38.22	11.73	11.89	38.16	0.00	0.00
GCC	77	38.27	11.68	11.82	38.23	0.01	0.00
GCC	78	38.16	11.82	11.92	38.10	0.00	0.00
GCC	79	38.20	11.72	11.90	38.19	0.00	0.00
GCC	80	38.29	11.65	11.78	38.28	0.00	0.00
GCC	81	38.20	11.80	11.88	38.13	0.00	0.00
GCC	82	38.17	11.76	11.91	38.16	0.01	0.00
GCC	83	38.31	11.66	11.77	38.26	0.00	0.00
GCC	84	38.12	11.82	11.91	38.15	0.01	0.00
GCC	85	38.23	11.73	11.91	38.13	0.02	0.00
GCC	86	38.30	11.67	11.76	38.27	0.00	0.00
GCC	87	38.21	11.77	11.89	38.14	0.03	0.00
GCC	88	38.20	11.72	11.88	38.20	0.00	0.00
GCC	89	38.31	11.64	11.76	38.29	0.00	0.00
GCC	90	38.11	11.83	11.90	38.16	0.00	0.00
GCC	91	38.19	11.74	11.87	38.19	0.00	0.00
GCC	92	38.33	11.66	11.76	38.26	0.00	0.00
GCC	93	38.19	11.78	11.88	38.14	0.01	0.00
GCC	94	38.20	11.74	11.92	38.15	0.01	0.00
GCC	95	38.33	11.63	11.73	38.31	0.00	0.00
GCC	96	38.21	11.76	11.86	38.17	0.00	0.00
GCC	97	38.24	11.69	11.86	38.21	0.01	0.00
GCC	98	38.32	11.65	11.75	38.28	0.02	0.00
GCC	99	38.22	11.80	11.85	38.13	0.01	0.00
GCC	100	38.23	11.73	11.90	38.14	0.06	0.00
# ACGT content per cycle for first fragments. Use `grep ^FBC | cut -f 2-` to extract this part. The columns are: cycle; A,C,G,T base counts as a percentage of all A/C/G/T bases [%]; and N and O counts as a percentage of all A/C/G/T bases [%]
FBC	1	38.04	12.12	12.40	37.43	0.05	0.00
FBC	2	39.43	10.53	10.84	39.20	0.00	0.00
FBC	3	38.89	11.13	11.04	38.95	0.02	0.00
FBC	4	38.58	11.36	11.58	38.48	0.04	0.00
FBC	5	38.62	11.31	11.55	38.52	0.02	0.00
FBC	6	38.31	11.68	11.76	38.26	0.00	0.00
FBC	7	38.60	11.33	11.53	38.55	0.00	0.00
FBC	8	38.70	11.27	11.28	38.74	0.00	0.00
FBC	9	38.49	11.42	11.57	38.53	0.00	0.00
FBC	10	38.73	11.24	11.46	38.57	0.00	0.00
FBC	11	38.72	11.21	11.36	38.71	0.00	0.00
FBC	12	38.63	11.37	11.45	38.54	0.00	0.00
FBC	13	38.57	11.32	11.49	38.61	0.00	0.00
FBC	14	38.71	11.25	11.39	38.64	0.00	0.00
FBC	15	38.51	11.41	11.51	38.57	0.00	0.00
FBC	16	38.54	11.38	11.56	38.53	0.00	0.00
FBC	17	38.58	11.37	11.50	38.56	0.00	0.00
FBC	18	38.42	11.53	11.62	38.43	0.00	0.00
FBC	19	38.38	11.52	11.69	38.40	0.00	0.00
FBC	20	38.45	11.48	11.59	38.48	0.00	0.00
FBC	21	38.35	11.59	11.70	38.37	0.00	0.00
FBC	22	38.28	11.62	11.80	38.30	0.00	0.00
FBC	23	38.39	11.52	11.67	38.41	0.00	0.00
FBC	24	38.35	11.64	11.73	38.27	0.01	0.00
FBC	25	38.35	11.62	11.72	38.31	0.00	0.00
FBC	26	38.43	11.56	11.69	38.32	0.01	0.00
FBC	27	38.19	11.74	11.83	38.24	0.00	0.00
FBC	28	38.29	11.70	11.82	38.19	0.00	0.00
FBC	29	38.34	11.62	11.74	38.30	0.00	0.00
FBC	30	38.18	11.71	11.85	38.27	0.00	0.00
FBC	31	38.32	11.64	11.81	38.24	0.00	0.00
FBC	32	38.34	11.62	11.72	38.32	0.00	0.00
FBC	33	38.24	11.71	11.84	38.21	0.01	0.00
FBC	34	38.23	11.70	11.87	38.20	0.01	0.00
FBC	35	38.35	11.59	11.74	38.32	0.00	0.00
FBC	36	38.19	11.78	11.86	38.17	0.00	0.00
FBC	37	38.29	11.71	11.88	38.13	0.00	0.00
FBC	38	38.35	11.60	11.72	38.33	0.00	0.00
FBC	39	38.14	11.76	11.88	38.22	0.00	0.00
FBC	40	38.25	11.69	11.88	38.18	0.00	0.00
FBC	41	38.26	11.64	11.78	38.32	0.00	0.00
FBC	42	38.22	11.75	11.86	38.18	0.00	0.00
FBC	43	38.22	11.76	11.90	38.12	0.01	0.00
FBC	44	38.36	11.64	11.76	38.23	0.02	0.00
FBC	45	38.13	11.78	11.91	38.18	0.00	0.00
FBC	46	38.23	11.72	11.87	38.19	0.00	0.00
FBC	47	38.30	11.63	11.76	38.31	0.00	0.00
FBC	48	38.16	11.79	11.90	38.15	0.00	0.00
FBC	49	38.19	11.76	11.90	38.15	0.00	0.00
FBC	50	38.28	11.64	11.75	38.34	0.01	0.00
FBC	51	38.13	11.80	11.92	38.16	0.00	0.00
FBC	52	38.19	11.78	11.89	38.14	0.01	0.00
FBC	53	38.32	11.66	11.77	38.24	0.00	0.00
FBC	54	38.13	11.77	11.95	38.15	0.00	0.00
FBC	55	38.21	11.74	11.86	38.19	0.00	0.00
FBC	56	38.33	11.64	11.76	38.27	0.00	0.00
FBC	57	38.12	11.76	11.92	38.20	0.00	0.00
FBC	58	38.17	11.72	11.90	38.21	0.00	0.00
FBC	59	38.30	11.64	11.80	38.26	0.00	0.00
FBC	60	38.09	11.81	11.91	38.19	0.00	0.00
FBC	61	38.21	11.74	11.95	38.11	0.00	0.00
FBC	62	38.20	11.70	11.80	38.30	0.00	0.00
FBC	63	38.17	11.76	11.91	38.16	0.00	0.00
FBC	64	38.21	11.77	11.90	38.12	0.00	0.00
FBC	65	38.30	11.65	11.84	38.21	0.00	0.00
FBC	66	38.12	11.80	11.91	38.16	0.00	0.00
FBC	67	38.22	11.75	11.88	38.14	0.01	0.00
FBC	68	38.29	11.68	11.73	38.29	0.01	0.00
FBC	69	38.14	11.81	11.95	38.10	0.00	0.00
FBC	70	38.16	11.74	11.90	38.21	0.00	0.00
FBC	71	38.31	11.69	11.78	38.22	0.00	0.00
FBC	72	38.13	11.79	11.87	38.21	0.01	0.00
FBC	73	38.21	11.72	11.92	38.15	0.01	0.00
FBC	74	38.26	11.65	11.79	38.30	0.00	0.00
FBC	75	38.14	11.80	11.88	38.17	0.00	0.00
FBC	76	38.24	11.73	11.86	38.16	0.00	0.00
FBC	77	38.31	11.66	11.79	38.24	0.00	0.00
FBC	78	38.12	11.84	11.94	38.11	0.00	0.00
FBC	79	38.21	11.70	11.88	38.21	0.00	0.00
FBC	80	38.30	11.66	11.78	38.26	0.00	0.00
FBC	81	38.18	11.80	11.88	38.14	0.00	0.00
FBC	82	38.19	11.77	11.92	38.13	0.00	0.00
FBC	83	38.26	11.65	11.80	38.29	0.00	0.00
FBC	84	38.17	11.80	11.92	38.11	0.00	0.00
FBC	85	38.20	11.73	11.92	38.15	0.00	0.00
FBC	86	38.28	11.66	11.79	38.27	0.00	0.00
FBC	87	38.19	11.75	11.90	38.15	0.02	0.00
FBC	88	38.22	11.72	11.86	38.21	0.01	0.00
FBC	89	38.34	11.65	11.74	38.27	0.00	0.00
FBC	90	38.07	11.82	11.89	38.22	0.00	0.00
FBC	91	38.28	11.72	11.84	38.16	0.00	0.00
FBC	92	38.33	11.66	11.77	38.24	0.00	0.00
FBC	93	38.23	11.78	11.88	38.11	0.01	0.00
FBC	94	38.23	11.72	11.89	38.17	0.01	0.00
FBC	95	38.35	11.65	11.73	38.28	0.00	0.00
FBC	96	38.22	11.75	11.88	38.15	0.00	0.00
FBC	97	38.22	11.70	11.83	38.25	0.01	0.00
FBC	98	38.33	11.63	11.78	38.27	0.00	0.00
FBC	99	38.22	11.80	11.81	38.17	0.00	0.00
FBC	100	38.24	11.72	11.84	38.19	0.08	0.00
# ACGT raw counters for first fragments. Use `grep ^FTC | cut -f 2-` to extract this part. The columns are: A,C,G,T,N base counters
FTC	76618612	23276230	23540808	76555407	8943
# ACGT content per cycle for last fragments. Use `grep ^LBC | cut -f 2-` to extract this part. The columns are: cycle; A,C,G,T base counts as a percentage of all A/C/G/T bases [%]; and N and O counts as a percentage of all A/C/G/T bases [%]
LBC	1	38.28	11.89	12.13	37.70	0.07	0.00
LBC	2	39.55	10.47	10.83	39.15	0.01	0.00
LBC	3	38.77	11.30	11.27	38.66	0.01	0.00
LBC	4	38.30	11.69	11.85	38.16	0.01	0.00
LBC	5	38.42	11.46	11.69	38.43	0.00	0.00
LBC	6	38.11	11.88	11.99	38.02	0.00	0.00
LBC	7	38.43	11.52	11.72	38.33	0.00	0.00
LBC	8	38.72	11.29	11.31	38.68	0.00	0.00
LBC	9	38.54	11.49	11.51	38.47	0.00	0.00
LBC	10	38.62	11.29	11.51	38.57	0.00	0.00
LBC	11	38.78	11.19	11.31	38.72	0.00	0.00
LBC	12	38.62	11.33	11.45	38.61	0.00	0.00
LBC	13	38.65	11.28	11.48	38.59	0.01	0.00
LBC	14	38.77	11.21	11.35	38.68	0.01	0.00
LBC	15	38.58	11.41	11.54	38.47	0.00	0.00
LBC	16	38.51	11.40	11.56	38.54	0.01	0.00
LBC	17	38.60	11.31	11.51	38.59	0.01	0.00
LBC	18	38.41	11.54	11.63	38.43	0.01	0.00
LBC	19	38.36	11.51	11.74	38.38	0.05	0.00
LBC	20	38.51	11.45	11.57	38.47	0.02	0.00
LBC	21	38.34	11.64	11.73	38.30	0.00	0.00
LBC	22	38.31	11.62	11.79	38.27	0.01	0.00
LBC	23	38.43	11.51	11.70	38.35	0.00	0.00
LBC	24	38.23	11.76	11.83	38.17	0.00	0.00
LBC	25	38.30	11.70	11.80	38.19	0.00	0.00
LBC	26	38.35	11.56	11.73	38.36	0.00	0.00
LBC	27	38.23	11.74	11.87	38.16	0.00	0.00
LBC	28	38.25	11.70	11.85	38.19	0.00	0.00
LBC	29	38.31	11.63	11.74	38.32	0.04	0.00
LBC	30	38.19	11.74	11.88	38.18	0.03	0.00
LBC	31	38.21	11.77	11.90	38.12	0.03	0.00
LBC	32	38.32	11.62	11.78	38.28	0.00	0.00
LBC	33	38.13	11.82	11.97	38.08	0.03	0.00
LBC	34	38.22	11.75	11.91	38.12	0.00	0.00
LBC	35	38.43	11.61	11.75	38.21	0.01	0.00
LBC	36	38.16	11.80	11.90	38.14	0.00	0.00
LBC	37	38.18	11.80	11.89	38.13	0.00	0.00
LBC	38	38.29	11.64	11.78	38.30	0.01	0.00
LBC	39	38.14	11.83	11.92	38.11	0.00	0.00
LBC	40	38.18	11.77	11.96	38.08	0.03	0.00
LBC	41	38.23	11.68	11.81	38.28	0.05	0.00
LBC	42	38.17	11.79	11.92	38.12	0.02	0.00
LBC	43	38.16	11.76	11.95	38.13	0.00	0.00
LBC	44	38.29	11.65	11.78	38.29	0.00	0.00
LBC	45	38.13	11.86	11.92	38.09	0.02	0.00
LBC	46	38.18	11.76	11.93	38.13	0.01	0.00
LBC	47	38.35	11.65	11.78	38.22	0.01	0.00
LBC	48	38.11	11.85	11.93	38.11	0.01	0.00
LBC	49	38.15	11.80	11.98	38.08	0.00	0.00
LBC	50	38.29	11.62	11.83	38.26	0.00	0.00
LBC	51	38.15	11.82	11.89	38.15	0.00	0.00
LBC	52	38.14	11.81	11.94	38.12	0.00	0.00
LBC	53	38.23	11.69	11.76	38.32	0.01	0.00
LBC	54	38.15	11.82	11.93	38.11	0.00	0.00
LBC	55	38.17	11.77	11.92	38.15	0.00	0.00
LBC	56	38.32	11.66	11.77	38.25	0.02	0.00
LBC	57	38.12	11.88	11.92	38.09	0.03	0.00
LBC	58	38.16	11.80	11.95	38.09	0.04	0.00
LBC	59	38.31	11.66	11.81	38.23	0.04	0.00
LBC	60	38.10	11.81	11.91	38.17	0.01	0.00
LBC	61	38.14	11.81	11.97	38.08	0.00	0.00
LBC	62	38.28	11.66	11.78	38.27	0.00	0.00
LBC	63	38.18	11.79	11.89	38.13	0.00	0.00
LBC	64	38.13	11.79	11.90	38.17	0.00	0.00
LBC	65	38.30	11.66	11.76	38.29	0.06	0.00
LBC	66	38.11	11.85	11.94	38.11	0.01	0.00
LBC	67	38.15	11.73	11.95	38.16	0.00	0.00
LBC	68	38.25	11.67	11.78	38.30	0.00	0.00
LBC	69	38.13	11.83	11.92	38.11	0.00	0.00
LBC	70	38.19	11.77	11.91	38.13	0.00	0.00
LBC	71	38.30	11.68	11.79	38.23	0.02	0.00
LBC	72	38.15	11.82	11.92	38.12	0.00	0.00
LBC	73	38.14	11.74	11.98	38.13	0.00	0.00
LBC	74	38.25	11.67	11.81	38.27	0.03	0.00
LBC	75	38.19	11.79	11.88	38.14	0.01	0.00
LBC	76	38.19	11.74	11.91	38.16	0.00	0.00
LBC	77	38.24	11.69	11.85	38.22	0.03	0.00
LBC	78	38.20	11.80	11.90	38.10	0.00	0.00
LBC	79	38.18	11.73	11.91	38.17	0.01	0.00
LBC	80	38.27	11.64	11.78	38.30	0.00	0.00
LBC	81	38.22	11.79	11.88	38.12	0.00	0.00
LBC	82	38.15	11.76	11.90	38.19	0.01	0.00
LBC	83	38.36	11.67	11.73	38.24	0.00	0.00
LBC	84	38.07	11.83	11.90	38.20	0.03	0.00
LBC	85	38.26	11.74	11.90	38.10	0.03	0.00
LBC	86	38.32	11.68	11.73	38.26	0.01	0.00
LBC	87	38.22	11.79	11.87	38.12	0.04	0.00
LBC	88	38.19	11.73	11.90	38.18	0.00	0.00
LBC	89	38.28	11.64	11.77	38.31	0.01	0.00
LBC	90	38.15	11.85	11.90	38.10	0.01	0.00
LBC	91	38.10	11.76	11.91	38.22	0.00	0.00
LBC	92	38.32	11.65	11.75	38.28	0.00	0.00
LBC	93	38.15	11.79	11.88	38.17	0.00	0.00
LBC	94	38.16	11.76	11.94	38.13	0.00	0.00
LBC	95	38.31	11.62	11.74	38.34	0.01	0.00
LBC	96	38.20	11.77	11.83	38.19	0.00	0.00
LBC	97	38.25	11.69	11.89	38.17	0.01	0.00
LBC	98	38.32	11.66	11.73	38.29	0.03	0.00
LBC	99	38.22	11.80	11.89	38.09	0.02	0.00
LBC	100	38.22	11.74	11.96	38.09	0.04	0.00
# ACGT raw counters for last fragments. Use `grep ^LTC | cut -f 2-` to extract this part. The columns are: A,C,G,T,N base counters
LTC	76573210	23329839	23592792	76481676	22483
# Insert sizes. Use `grep ^IS | cut -f 2-` to extract this part. The columns are: insert size, pairs total, inward oriented pairs, outward oriented pairs, other pairs
IS	0	19	0	1	18
IS	1	1	0	1	0
IS	2	12	0	12	0
IS	3	20	0	20	0
IS	4	13	0	13	0
IS	5	9	0	8	1
IS	6	17	0	16	1
IS	7	13	0	13	0
IS	8	15	0	15	0
IS	9	14	0	14	0
IS	10	15	0	12	3
IS	11	19	0	18	1
IS	12	13	0	12	1
IS	13	13	0	12	1
IS	14	16	0	16	0
IS	15	14	0	12	2
IS	16	8	0	7	1
IS	17	11	0	10	1
IS	18	13	0	12	1
IS	19	108	37	69	2
IS	20	72	25	41	6
IS	21	48	23	21	4
IS	22	56	13	32	11
IS	23	60	22	27	11
IS	24	54	7	32	15
IS	25	46	4	28	14
IS	26	48	14	23	11
IS	27	41	9	19	13
IS	28	35	13	12	10
IS	29	46	9	26	11
IS	30	53	10	28	15
IS	31	45	7	26	12
IS	32	43	10	20	13
IS	33	48	11	25	12
IS	34	34	6	19	9
IS	35	54	19	28	7
IS	36	48	13	30	5
IS	37	42	15	17	10
IS	38	40	12	19	9
IS	39	50	13	24	13
IS	40	29	7	15	7
IS	41	39	12	19	8
IS	42	64	31	25	8
IS	43	36	13	16	7
IS	44	47	21	17	9
IS	45	52	20	27	5
IS	46	48	16	27	5
IS	47	50	13	30	7
IS	48	54	16	28	10
IS	49	41	20	17	4
IS	50	56	17	35	4
IS	51	55	15	35	5
IS	52	55	20	27	8
IS	53	47	17	24	6
IS	54	48	17	28	3
IS	55	58	23	31	4
IS	56	61	18	39	4
IS	57	57	15	35	7
IS	58	76	31	38	7
IS	59	70	20	40	10
IS	60	78	36	38	4
IS	61	59	22	31	6
IS	62	63	18	40	5
IS	63	64	17	43	4
IS	64	58	24	31	3
IS	65	79	27	42	10
IS	66	73	29	39	5
IS	67	57	20	34	3
IS	68	73	34	31	8
IS	69	75	38	33	4
IS	70	71	24	38	9
IS	71	76	39	32	5
IS	72	87	43	40	4
IS	73	93	41	48	4
IS	74	112	56	48	8
IS	75	88	40	43	5
IS	76	98	46	51	1
IS	77	95	44	48	3
IS	78	114	57	51	6
IS	79	105	55	43	7
IS	80	113	49	61	3
IS	81	82	33	47	2
IS	82	100	40	53	7
IS	83	92	47	39	6
IS	84	101	51	45	5
IS	85	129	69	58	2
IS	86	116	52	59	5
IS	87	103	51	50	2
IS	88	110	59	44	7
IS	89	121	67	50	4
IS	90	113	61	47	5
IS	91	131	72	52	7
IS	92	131	75	51	5
IS	93	120	66	48	6
IS	94	111	56	52	3
IS	95	124	72	48	4
IS	96	146	85	52	9
IS	97	144	86	51	7
IS	98	169	81	84	4
IS	99	129	71	55	3
IS	100	164	119	39	6
IS	101	157	146	7	4
IS	102	169	158	3	8
IS	103	157	149	1	7
IS	104	157	152	2	3
IS	105	169	161	2	6
IS	106	182	172	3	7
IS	107	179	172	3	4
IS	108	180	174	2	4
IS	109	186	181	2	3
IS	110	165	159	1	5
IS	111	173	171	1	1
IS	112	194	186	1	7
IS	113	191	187	1	3
IS	114	189	183	0	6
IS	115	215	213	0	2
IS	116	216	206	3	7
IS	117	261	256	0	5
IS	118	227	222	3	2
IS	119	250	245	0	5
IS	120	242	239	0	3
IS	121	281	279	1	1
IS	122	298	292	1	5
IS	123	326	322	0	4
IS	124	357	352	1	4
IS	125	389	380	2	7
IS	126	381	377	1	3
IS	127	405	400	1	4
IS	128	435	431	0	4
IS	129	477	473	0	4
IS	130	485	482	1	2
IS	131	569	567	0	2
IS	132	618	614	1	3
IS	133	667	664	0	3
IS	134	721	716	3	2
IS	135	792	785	0	7
IS	136	886	881	1	4
IS	137	884	880	1	3
IS	138	929	926	1	2
IS	139	1089	1083	2	4
IS	140	1131	1127	0	4
IS	141	1284	1280	1	3
IS	142	1385	1380	0	5
IS	143	1487	1485	0	2
IS	144	1575	1571	1	3
IS	145	1817	1814	1	2
IS	146	1857	1856	0	1
IS	147	2100	2095	2	3
IS	148	2201	2197	2	2
IS	149	2361	2358	1	2
IS	150	2551	2549	1	1
IS	151	2711	2708	0	3
IS	152	3011	3006	2	3
IS	153	3099	3092	2	5
IS	154	3511	3504	1	6
IS	155	3621	3617	1	3
IS	156	3871	3868	1	2
IS	157	4190	4188	1	1
IS	158	4381	4377	1	3
IS	159	4696	4693	1	2
IS	160	4744	4740	1	3
IS	161	5123	5120	0	3
IS	162	5514	5512	0	2
IS	163	5790	5789	0	1
IS	164	6067	6064	0	3
IS	165	6349	6346	1	2
IS	166	6538	6537	0	1
IS	167	6896	6894	1	1
IS	168	7305	7303	1	1
IS	169	7275	7271	1	3
IS	170	7708	7705	1	2
IS	171	8173	8167	2	4
IS	172	8244	8243	0	1
IS	173	8641	8637	1	3
IS	174	9112	9107	0	5
IS	175	9143	9142	1	0
IS	176	9764	9764	0	0
IS	177	9882	9879	0	3
IS	178	10240	10238	0	2
IS	179	10278	10276	0	2
IS	180	10694	10688	3	3
IS	181	10994	10992	2	0
IS	182	11384	11382	0	2
IS	183	11544	11542	1	1
IS	184	11589	11586	0	3
IS	185	11870	11867	1	2
IS	186	12021	12019	0	2
IS	187	12127	12125	0	2
IS	188	12391	12388	2	1
IS	189	12608	12605	1	2
IS	190	12702	12698	0	4
IS	191	12864	12860	0	4
IS	192	12994	12988	3	3
IS	193	13216	13213	0	3
IS	194	13423	13422	0	1
IS	195	13558	13557	0	1
IS	196	13592	13588	2	2
IS	197	13649	13644	1	4
IS	198	13671	13670	0	1
IS	199	13432	13428	1	3
IS	200	13776	13774	0	2
IS	201	13657	13654	1	2
IS	202	13724	13722	1	1
IS	203	13814	13813	0	1
IS	204	13808	13808	0	0
IS	205	14039	14036	0	3
IS	206	13807	13805	1	1
IS	207	13854	13850	0	4
IS	208	13755	13753	2	0
IS	209	13840	13839	0	1
IS	210	13794	13791	2	1
IS	211	13737	13735	2	0
IS	212	13702	13701	1	0
IS	213	13602	13602	0	0
IS	214	13606	13603	1	2
IS	215	13345	13344	1	0
IS	216	13590	13589	0	1
IS	217	13364	13361	1	2
IS	218	13235	13232	1	2
IS	219	13130	13127	1	2
IS	220	13207	13204	2	1
IS	221	13033	13030	3	0
IS	222	13006	13006	0	0
IS	223	12867	12864	2	1
IS	224	12617	12617	0	0
IS	225	12769	12767	2	0
IS	226	12540	12539	0	1
IS	227	12352	12352	0	0
IS	228	12478	12477	1	0
IS	229	12261	12257	3	1
IS	230	12222	12222	0	0
IS	231	12019	12018	1	0
IS	232	11857	11854	1	2
IS	233	11986	11984	0	2
IS	234	11606	11603	0	3
IS	235	11583	11580	0	3
IS	236	11397	11395	0	2
IS	237	11439	11436	2	1
IS	238	11126	11125	1	0
IS	239	11260	11260	0	0
IS	240	11129	11128	0	1
IS	241	10883	10882	1	0
IS	242	10838	10837	0	1
IS	243	10624	10622	1	1
IS	244	10484	10482	0	2
IS	245	10409	10408	0	1
IS	246	10201	10200	1	0
IS	247	10120	10119	1	0
IS	248	9963	9961	0	2
IS	249	9967	9967	0	0
IS	250	9985	9984	0	1
IS	251	9686	9685	0	1
IS	252	9496	9495	1	0
IS	253	9501	9500	0	1
IS	254	9400	9399	1	0
IS	255	9175	9174	0	1
IS	256	9161	9161	0	0
IS	257	8995	8994	0	1
IS	258	9048	9048	0	0
IS	259	8672	8671	0	1
IS	260	8548	8546	2	0
IS	261	8500	8500	0	0
IS	262	8340	8337	2	1
IS	263	8328	8326	1	1
IS	264	8190	8190	0	0
IS	265	8082	8080	1	1
IS	266	8049	8047	2	0
IS	267	7900	7899	1	0
IS	268	7774	7773	1	0
IS	269	7639	7638	1	0
IS	270	7605	7604	1	0
IS	271	7665	7664	0	1
IS	272	7277	7275	1	1
IS	273	7411	7409	1	1
IS	274	7279	7279	0	0
IS	275	6992	6992	0	0
IS	276	6988	6985	2	1
IS	277	6787	6786	0	1
IS	278	6806	6805	0	1
IS	279	6715	6714	1	0
IS	280	6559	6558	1	0
IS	281	6669	6668	0	1
IS	282	6284	6284	0	0
IS	283	6265	6262	3	0
IS	284	6276	6273	2	1
IS	285	6252	6251	0	1
IS	286	6065	6063	1	1
IS	287	6005	6004	1	0
IS	288	6096	6093	2	1
IS	289	5792	5791	1	0
IS	290	5872	5871	0	1
IS	291	5580	5580	0	0
IS	292	5649	5649	0	0
IS	293	5505	5504	0	1
IS	294	5392	5391	1	0
IS	295	5265	5264	1	0
IS	296	5249	5249	0	0
IS	297	5236	5235	0	1
IS	298	5236	5234	2	0
IS	299	5098	5095	3	0
IS	300	4978	4978	0	0
IS	301	4998	4997	1	0
IS	302	4875	4875	0	0
IS	303	4909	4908	0	1
IS	304	4814	4812	2	0
IS	305	4575	4573	2	0
IS	306	4599	4599	0	0
IS	307	4630	4630	0	0
IS	308	4503	4503	0	0
IS	309	4408	4407	0	1
IS	310	4332	4331	1	0
IS	311	4178	4177	1	0
IS	312	4171	4170	1	0
IS	313	4091	4091	0	0
IS	314	4062	4061	0	1
IS	315	3880	3880	0	0
IS	316	3853	3851	1	1
IS	317	3807	3806	1	0
IS	318	3799	3799	0	0
IS	319	3660	3660	0	0
IS	320	3745	3745	0	0
IS	321	3548	3548	0	0
IS	322	3553	3553	0	0
IS	323	3518	3518	0	0
IS	324	3483	3483	0	0
IS	325	3348	3347	1	0
IS	326	3449	3449	0	0
IS	327	3326	3326	0	0
IS	328	3381	3381	0	0
IS	329	3291	3290	1	0
IS	330	3197	3197	0	0
IS	331	3062	3062	0	0
IS	332	3064	3064	0	0
IS	333	3105	3104	1	0
IS	334	2890	2889	1	0
IS	335	2958	2958	0	0
IS	336	2856	2856	0	0
IS	337	2790	2789	1	0
IS	338	2720	2719	1	0
IS	339	2799	2799	0	0
IS	340	2721	2721	0	0
IS	341	2648	2647	1	0
IS	342	2674	2674	0	0
IS	343	2642	2641	0	1
IS	344	2562	2559	2	1
IS	345	2528	2528	0	0
IS	346	2406	2406	0	0
IS	347	2520	2520	0	0
IS	348	2390	2389	1	0
IS	349	2409	2409	0	0
IS	350	2309	2308	1	0
IS	351	2318	2317	1	0
IS	352	2285	2285	0	0
IS	353	2298	2298	0	0
IS	354	2073	2072	1	0
IS	355	2107	2106	1	0
IS	356	2126	2126	0	0
IS	357	2075	2075	0	0
IS	358	2046	2046	0	0
IS	359	1978	1976	2	0
IS	360	1931	1930	1	0
IS	361	1937	1937	0	0
IS	362	1912	1912	0	0
IS	363	1856	1856	0	0
IS	364	1834	1833	1	0
IS	365	1850	1850	0	0
IS	366	1809	1809	0	0
IS	367	1729	1729	0	0
IS	368	1764	1763	1	0
IS	369	1675	1673	2	0
IS	370	1644	1642	2	0
IS	371	1687	1686	1	0
IS	372	1639	1639	0	0
IS	373	1635	1635	0	0
IS	374	1592	1591	1	0
IS	375	1525	1525	0	0
IS	376	1487	1485	2	0
IS	377	1529	1528	1	0
IS	378	1468	1467	1	0
IS	379	1513	1512	1	0
IS	380	1433	1431	2	0
IS	381	1356	1355	1	0
IS	382	1414	1414	0	0
IS	383	1355	1355	0	0
IS	384	1330	1329	1	0
IS	385	1300	1300	0	0
IS	386	1325	1325	0	0
IS	387	1269	1268	1	0
IS	388	1286	1285	0	1
IS	389	1293	1291	2	0
IS	390	1244	1242	2	0
IS	391	1155	1155	0	0
IS	392	1253	1252	1	0
IS	393	1195	1194	1	0
IS	394	1132	1130	2	0
IS	395	1101	1101	0	0
IS	396	1118	1117	1	0
IS	397	1065	1065	0	0
IS	398	1027	1026	1	0
IS	399	1086	1085	1	0
IS	400	1053	1052	1	0
IS	401	1003	1003	0	0
IS	402	1052	1052	0	0
IS	403	981	980	1	0
IS	404	924	923	1	0
IS	405	944	942	2	0
IS	406	937	937	0	0
IS	407	936	934	2	0
IS	408	935	933	2	0
IS	409	872	869	3	0
IS	410	860	860	0	0
IS	411	909	908	1	0
IS	412	850	850	0	0
IS	413	818	817	0	1
IS	414	804	802	2	0
IS	415	764	763	1	0
IS	416	790	789	1	0
IS	417	802	801	1	0
IS	418	754	753	1	0
IS	419	749	748	1	0
IS	420	784	784	0	0
IS	421	709	708	0	1
IS	422	703	703	0	0
IS	423	709	709	0	0
IS	424	673	673	0	0
IS	425	660	660	0	0
IS	426	618	618	0	0
IS	427	659	658	1	0
IS	428	650	649	1	0
IS	429	681	680	1	0
IS	430	633	632	1	0
IS	431	643	641	2	0
IS	432	606	606	0	0
IS	433	601	599	2	0
IS	434	560	560	0	0
IS	435	557	557	0	0
IS	436	588	587	1	0
IS	437	545	545	0	0
IS	438	567	566	1	0
IS	439	567	566	1	0
IS	440	525	525	0	0
IS	441	506	506	0	0
IS	442	445	444	1	0
IS	443	510	510	0	0
IS	444	494	493	1	0
IS	445	464	464	0	0
IS	446	483	483	0	0
IS	447	479	479	0	0
IS	448	457	457	0	0
IS	449	483	483	0	0
IS	450	493	493	0	0
IS	451	448	447	0	1
IS	452	442	442	0	0
IS	453	409	409	0	0
IS	454	393	393	0	0
IS	455	388	387	1	0
IS	456	396	396	0	0
IS	457	370	369	1	0
IS	458	391	390	1	0
IS	459	374	374	0	0
IS	460	417	416	1	0
IS	461	390	390	0	0
IS	462	341	341	0	0
IS	463	361	360	1	0
IS	464	367	366	1	0
IS	465	363	362	1	0
IS	466	373	372	0	1
IS	467	345	345	0	0
IS	468	336	336	0	0
IS	469	339	339	0	0
IS	470	293	293	0	0
IS	471	316	315	1	0
IS	472	295	295	0	0
IS	473	315	315	0	0
IS	474	305	305	0	0
IS	475	290	288	2	0
IS	476	316	316	0	0
IS	477	276	275	1	0
IS	478	288	288	0	0
IS	479	290	290	0	0
IS	480	267	266	1	0
IS	481	271	271	0	0
IS	482	275	275	0	0
IS	483	253	252	1	0
IS	484	250	250	0	0
IS	485	251	251	0	0
IS	486	282	281	1	0
IS	487	225	223	2	0
IS	488	227	227	0	0
IS	489	233	233	0	0
IS	490	277	277	0	0
IS	491	211	211	0	0
IS	492	230	230	0	0
IS	493	253	251	2	0
IS	494	211	210	0	1
IS	495	225	225	0	0
IS	496	187	187	0	0
IS	497	197	197	0	0
IS	498	194	193	1	0
IS	499	203	203	0	0
IS	500	188	187	1	0
IS	501	188	188	0	0
IS	502	192	192	0	0
IS	503	203	203	0	0
IS	504	169	168	1	0
IS	505	176	175	1	0
IS	506	183	182	1	0
IS	507	172	172	0	0
IS	508	170	170	0	0
IS	509	171	171	0	0
IS	510	163	163	0	0
IS	511	170	169	1	0
IS	512	166	166	0	0
IS	513	166	166	0	0
IS	514	142	141	1	0
IS	515	160	160	0	0
IS	516	161	161	0	0
IS	517	149	149	0	0
IS	518	148	148	0	0
IS	519	134	133	1	0
IS	520	120	120	0	0
IS	521	142	142	0	0
IS	522	121	121	0	0
IS	523	111	111	0	0
IS	524	107	106	1	0
IS	525	142	141	1	0
IS	526	107	107	0	0
IS	527	101	100	1	0
IS	528	118	118	0	0
# Read lengths. Use `grep ^RL | cut -f 2-` to extract this part. The columns are: read length, count
RL	100	4000000
# Read lengths - first fragments. Use `grep ^FRL | cut -f 2-` to extract this part. The columns are: read length, count
FRL	100	2000000
# Read lengths - last fragments. Use `grep ^LRL | cut -f 2-` to extract this part. The columns are: read length, count
LRL	100	2000000
# Indel distribution. Use `grep ^ID | cut -f 2-` to extract this part. The columns are: length, number of insertions, number of deletions
ID	1	42585	57401
ID	2	23784	30721
ID	3	13412	15801
ID	4	10018	13141
ID	5	3177	3591
ID	6	8218	11502
ID	7	1072	1348
ID	8	2776	5053
ID	9	2228	3856
ID	10	1409	3343
ID	11	246	412
ID	12	1779	4422
ID	13	111	241
ID	14	457	1767
ID	15	486	1107
ID	16	224	1235
ID	17	25	110
ID	18	331	1624
ID	19	15	53
ID	20	57	533
ID	21	50	331
ID	22	25	365
ID	23	1	23
ID	24	26	450
ID	25	0	36
ID	26	3	137
ID	27	2	58
ID	28	1	83
ID	29	1	12
ID	30	1	46
ID	31	0	1
ID	32	0	34
ID	33	0	13
ID	34	0	18
ID	35	0	1
ID	36	0	12
ID	37	0	1
ID	38	0	4
ID	39	0	1
ID	40	0	4
ID	41	0	2
ID	42	0	1
ID	43	0	1
# Indels per cycle. Use `grep ^IC | cut -f 2-` to extract this part. The columns are: cycle, number of insertions (fwd), .. (rev) , number of deletions (fwd), .. (rev)
IC	1	0	1	0	1
IC	3	0	1	306	275
IC	4	241	246	296	317
IC	5	307	275	390	377
IC	6	287	305	379	383
IC	7	339	365	428	430
IC	8	375	378	530	511
IC	9	382	396	565	528
IC	10	424	410	562	521
IC	11	456	470	563	532
IC	12	495	450	615	542
IC	13	485	448	646	620
IC	14	509	503	613	565
IC	15	557	534	667	651
IC	16	558	515	643	674
IC	17	570	596	648	712
IC	18	631	622	693	773
IC	19	615	580	749	785
IC	20	634	627	771	772
IC	21	636	657	794	822
IC	22	638	649	794	848
IC	23	692	714	868	855
IC	24	753	761	876	827
IC	25	755	710	933	908
IC	26	779	686	970	957
IC	27	769	783	968	972
IC	28	805	767	995	991
IC	29	829	795	1072	1031
IC	30	889	797	1032	982
IC	31	848	773	1111	1026
IC	32	816	850	1104	1029
IC	33	828	859	1106	987
IC	34	856	847	1152	1052
IC	35	882	901	1136	1008
IC	36	882	810	1145	1141
IC	37	852	795	1091	1082
IC	38	889	833	1123	1077
IC	39	867	852	1192	1026
IC	40	886	851	1165	1098
IC	41	907	804	1285	1078
IC	42	876	812	1188	1141
IC	43	859	840	1191	1155
IC	44	882	796	1157	1092
IC	45	870	754	1104	1037
IC	46	809	782	1163	1118
IC	47	845	802	1169	1084
IC	48	842	825	1137	1031
IC	49	831	838	1188	1090
IC	50	828	746	1165	1054
IC	51	893	766	1155	1020
IC	52	830	778	1196	1066
IC	53	854	771	1114	1006
IC	54	801	773	1159	1063
IC	55	779	712	1122	1002
IC	56	770	793	1079	1011
IC	57	777	746	1031	1033
IC	58	771	664	1067	1074
IC	59	807	744	1085	1089
IC	60	743	691	1093	1052
IC	61	707	676	1078	943
IC	62	710	667	1094	973
IC	63	729	690	1083	1023
IC	64	699	693	1013	982
IC	65	697	637	1038	926
IC	66	662	613	1036	942
IC	67	687	608	1059	892
IC	68	683	598	956	885
IC	69	649	540	988	846
IC	70	668	563	1029	911
IC	71	608	540	927	937
IC	72	603	594	913	820
IC	73	558	498	913	833
IC	74	598	542	860	854
IC	75	540	521	906	771
IC	76	527	491	811	785
IC	77	494	492	797	768
IC	78	497	475	824	736
IC	79	497	430	797	709
IC	80	429	388	799	717
IC	81	448	422	739	658
IC	82	439	372	699	659
IC	83	405	358	663	653
IC	84	378	351	646	644
IC	85	372	357	616	660
IC	86	380	325	625	557
IC	87	320	306	584	579
IC	88	322	252	545	483
IC	89	272	281	542	530
IC	90	273	256	513	542
IC	91	282	239	491	445
IC	92	230	201	476	479
IC	93	197	196	416	343
IC	94	168	165	467	478
IC	95	180	156	452	433
IC	96	178	155	412	423
IC	97	175	172	365	380
IC	99	0	0	1	0
# Coverage distribution. Use `grep ^COV | cut -f 2-` to extract this part.
COV	[1-1]	1	397207
COV	[2-2]	2	517398
COV	[3-3]	3	628712
COV	[4-4]	4	709211
COV	[5-5]	5	768755
COV	[6-6]	6	805906
COV	[7-7]	7	824298
COV	[8-8]	8	837316
COV	[9-9]	9	837687
COV	[10-10]	10	825905
COV	[11-11]	11	814506
COV	[12-12]	12	811657
COV	[13-13]	13	811858
COV	[14-14]	14	827686
COV	[15-15]	15	851369
COV	[16-16]	16	877869
COV	[17-17]	17	911721
COV	[18-18]	18	938641
COV	[19-19]	19	954034
COV	[20-20]	20	953270
COV	[21-21]	21	935857
COV	[22-22]	22	891326
COV	[23-23]	23	835479
COV	[24-24]	24	759210
COV	[25-25]	25	674325
COV	[26-26]	26	581058
COV	[27-27]	27	489281
COV	[28-28]	28	401732
COV	[29-29]	29	321707
COV	[30-30]	30	252099
COV	[31-31]	31	194250
COV	[32-32]	32	145568
COV	[33-33]	33	109193
COV	[34-34]	34	81040
COV	[35-35]	35	59343
COV	[36-36]	36	44173
COV	[37-37]	37	33221
COV	[38-38]	38	25593
COV	[39-39]	39	20243
COV	[40-40]	40	16218
COV	[41-41]	41	13640
COV	[42-42]	42	12008
COV	[43-43]	43	10365
COV	[44-44]	44	9176
COV	[45-45]	45	8560
COV	[46-46]	46	7858
COV	[47-47]	47	7137
COV	[48-48]	48	6642
COV	[49-49]	49	6020
COV	[50-50]	50	5328
COV	[51-51]	51	4992
COV	[52-52]	52	4531
COV	[53-53]	53	4322
COV	[54-54]	54	3934
COV	[55-55]	55	3564
COV	[56-56]	56	3245
COV	[57-57]	57	3135
COV	[58-58]	58	3051
COV	[59-59]	59	2790
COV	[60-60]	60	2585
COV	[61-61]	61	2431
COV	[62-62]	62	2320
COV	[63-63]	63	2253
COV	[64-64]	64	2109
COV	[65-65]	65	1812
COV	[66-66]	66	1729
COV	[67-67]	67	1612
COV	[68-68]	68	1468
COV	[69-69]	69	1305
COV	[70-70]	70	1204
COV	[71-71]	71	1274
COV	[72-72]	72	1247
COV	[73-73]	73	1149
COV	[74-74]	74	1075
COV	[75-75]	75	964
COV	[76-76]	76	976
COV	[77-77]	77	945
COV	[78-78]	78	761
COV	[79-79]	79	747
COV	[80-80]	80	676
COV	[81-81]	81	676
COV	[82-82]	82	690
COV	[83-83]	83	624
COV	[84-84]	84	684
COV	[85-85]	85	653
COV	[86-86]	86	538
COV	[87-87]	87	493
COV	[88-88]	88	480
COV	[89-89]	89	468
COV	[90-90]	90	449
COV	[91-91]	91	364
COV	[92-92]	92	344
COV	[93-93]	93	344
COV	[94-94]	94	274
COV	[95-95]	95	264
COV	[96-96]	96	304
COV	[97-97]	97	300
COV	[98-98]	98	246
COV	[99-99]	99	245
COV	[100-100]	100	212
COV	[101-101]	101	211
COV	[102-102]	102	176
COV	[103-103]	103	176
COV	[104-104]	104	221
COV	[105-105]	105	231
COV	[106-106]	106	192
COV	[107-107]	107	145
COV	[108-108]	108	144
COV	[109-109]	109	187
COV	[110-110]	110	179
COV	[111-111]	111	120
COV	[112-112]	112	142
COV	[113-113]	113	115
COV	[114-114]	114	132
COV	[115-115]	115	100
COV	[116-116]	116	107
COV	[117-117]	117	92
COV	[118-118]	118	105
COV	[119-119]	119	98
COV	[120-120]	120	96
COV	[121-121]	121	98
COV	[122-122]	122	86
COV	[123-123]	123	81
COV	[124-124]	124	65
COV	[125-125]	125	54
COV	[126-126]	126	47
COV	[127-127]	127	64
COV	[128-128]	128	42
COV	[129-129]	129	37
COV	[130-130]	130	28
COV	[131-131]	131	28
COV	[132-132]	132	30
COV	[133-133]	133	32
COV	[134-134]	134	41
COV	[135-135]	135	59
COV	[136-136]	136	75
COV	[137-137]	137	47
COV	[138-138]	138	26
COV	[139-139]	139	26
COV	[140-140]	140	18
COV	[141-141]	141	21
COV	[142-142]	142	23
COV	[143-143]	143	46
COV	[144-144]	144	10
COV	[145-145]	145	16
COV	[146-146]	146	24
COV	[147-147]	147	15
COV	[148-148]	148	21
COV	[149-149]	149	21
COV	[150-150]	150	16
COV	[151-151]	151	27
COV	[152-152]	152	41
COV	[153-153]	153	33
COV	[154-154]	154	23
COV	[155-155]	155	17
COV	[156-156]	156	25
COV	[157-157]	157	13
COV	[158-158]	158	9
COV	[159-159]	159	20
COV	[160-160]	160	13
COV	[161-161]	161	22
COV	[162-162]	162	15
COV	[163-163]	163	10
COV	[164-164]	164	6
COV	[165-165]	165	10
COV	[166-166]	166	9
COV	[167-167]	167	9
COV	[168-168]	168	7
COV	[169-169]	169	6
COV	[170-170]	170	9
COV	[171-171]	171	4
COV	[172-172]	172	12
COV	[173-173]	173	11
COV	[174-174]	174	5
COV	[175-175]	175	23
COV	[176-176]	176	23
COV	[177-177]	177	17
COV	[178-178]	178	17
COV	[179-179]	179	22
COV	[180-180]	180	3
COV	[181-181]	181	7
COV	[182-182]	182	8
COV	[183-183]	183	6
COV	[184-184]	184	9
COV	[185-185]	185	5
COV	[186-186]	186	4
COV	[187-187]	187	11
COV	[188-188]	188	7
COV	[189-189]	189	7
COV	[190-190]	190	6
COV	[191-191]	191	12
COV	[192-192]	192	11
COV	[193-193]	193	14
COV	[194-194]	194	4
COV	[195-195]	195	19
COV	[196-196]	196	14
COV	[197-197]	197	12
COV	[198-198]	198	4
COV	[199-199]	199	8
COV	[200-200]	200	11
COV	[201-201]	201	10
COV	[202-202]	202	14
COV	[203-203]	203	8
COV	[204-204]	204	2
COV	[206-206]	206	3
COV	[207-207]	207	3
COV	[208-208]	208	3
COV	[209-209]	209	3
COV	[211-211]	211	6
COV	[212-212]	212	4
COV	[213-213]	213	5
COV	[214-214]	214	5
COV	[215-215]	215	7
COV	[216-216]	216	13
COV	[217-217]	217	10
COV	[218-218]	218	4
COV	[219-219]	219	1
COV	[220-220]	220	9
COV	[221-221]	221	8
COV	[222-222]	222	15
COV	[223-223]	223	11
COV	[224-224]	224	1
COV	[225-225]	225	3
COV	[226-226]	226	4
COV	[227-227]	227	5
COV	[228-228]	228	1
COV	[229-229]	229	4
COV	[230-230]	230	2
COV	[231-231]	231	3
COV	[232-232]	232	4
COV	[233-233]	233	11
COV	[234-234]	234	2
COV	[235-235]	235	2
COV	[236-236]	236	3
COV	[237-237]	237	5
COV	[238-238]	238	2
COV	[239-239]	239	2
COV	[240-240]	240	2
COV	[241-241]	241	3
COV	[242-242]	242	1
COV	[243-243]	243	3
COV	[244-244]	244	7
COV	[245-245]	245	4
COV	[246-246]	246	3
COV	[247-247]	247	2
COV	[248-248]	248	3
COV	[249-249]	249	4
COV	[250-250]	250	4
COV	[251-251]	251	4
COV	[252-252]	252	2
COV	[253-253]	253	6
COV	[254-254]	254	3
COV	[255-255]	255	4
COV	[256-256]	256	1
COV	[257-257]	257	3
COV	[258-258]	258	8
COV	[259-259]	259	4
COV	[260-260]	260	6
COV	[261-261]	261	7
COV	[262-262]	262	3
COV	[263-263]	263	6
COV	[264-264]	264	8
COV	[265-265]	265	12
COV	[266-266]	266	7
COV	[267-267]	267	8
COV	[268-268]	268	4
COV	[269-269]	269	4
COV	[270-270]	270	13
COV	[271-271]	271	5
COV	[272-272]	272	11
COV	[273-273]	273	13
COV	[274-274]	274	23
COV	[275-275]	275	26
COV	[276-276]	276	24
COV	[277-277]	277	29
COV	[278-278]	278	32
COV	[279-279]	279	34
COV	[280-280]	280	37
COV	[281-281]	281	32
COV	[282-282]	282	40
COV	[283-283]	283	43
COV	[284-284]	284	37
COV	[285-285]	285	38
COV	[286-286]	286	30
COV	[287-287]	287	37
COV	[288-288]	288	29
COV	[289-289]	289	34
COV	[290-290]	290	42
COV	[291-291]	291	49
COV	[292-292]	292	50
COV	[293-293]	293	39
COV	[294-294]	294	60
COV	[295-295]	295	55
COV	[296-296]	296	58
COV	[297-297]	297	53
COV	[298-298]	298	58
COV	[299-299]	299	46
COV	[300-300]	300	65
COV	[301-301]	301	60
COV	[302-302]	302	67
COV	[303-303]	303	59
COV	[304-304]	304	58
COV	[305-305]	305	65
COV	[306-306]	306	64
COV	[307-307]	307	84
COV	[308-308]	308	75
COV	[309-309]	309	84
COV	[310-310]	310	79
COV	[311-311]	311	103
COV	[312-312]	312	105
COV	[313-313]	313	92
COV	[314-314]	314	103
COV	[315-315]	315	130
COV	[316-316]	316	91
COV	[317-317]	317	116
COV	[318-318]	318	123
COV	[319-319]	319	105
COV	[320-320]	320	115
COV	[321-321]	321	117
COV	[322-322]	322	104
COV	[323-323]	323	112
COV	[324-324]	324	110
COV	[325-325]	325	99
COV	[326-326]	326	97
COV	[327-327]	327	109
COV	[328-328]	328	80
COV	[329-329]	329	93
COV	[330-330]	330	108
COV	[331-331]	331	103
COV	[332-332]	332	90
COV	[333-333]	333	68
COV	[334-334]	334	81
COV	[335-335]	335	87
COV	[336-336]	336	105
COV	[337-337]	337	82
COV	[338-338]	338	83
COV	[339-339]	339	67
COV	[340-340]	340	63
COV	[341-341]	341	54
COV	[342-342]	342	49
COV	[343-343]	343	54
COV	[344-344]	344	62
COV	[345-345]	345	49
COV	[346-346]	346	45
COV	[347-347]	347	46
COV	[348-348]	348	51
COV	[349-349]	349	54
COV	[350-350]	350	50
COV	[351-351]	351	48
COV	[352-352]	352	52
COV	[353-353]	353	62
COV	[354-354]	354	52
COV	[355-355]	355	58
COV	[356-356]	356	59
COV	[357-357]	357	39
COV	[358-358]	358	54
COV	[359-359]	359	37
COV	[360-360]	360	55
COV	[361-361]	361	34
COV	[362-362]	362	40
COV	[363-363]	363	35
COV	[364-364]	364	24
COV	[365-365]	365	25
COV	[366-366]	366	20
COV	[367-367]	367	32
COV	[368-368]	368	14
COV	[369-369]	369	26
COV	[370-370]	370	15
COV	[371-371]	371	10
COV	[372-372]	372	14
COV	[373-373]	373	6
COV	[374-374]	374	2
COV	[375-375]	375	4
COV	[376-376]	376	6
COV	[377-377]	377	5
COV	[378-378]	378	3
COV	[379-379]	379	4
COV	[380-380]	380	4
COV	[381-381]	381	3
COV	[382-382]	382	6
COV	[383-383]	383	3
COV	[384-384]	384	2
COV	[385-385]	385	1
COV	[386-386]	386	3
COV	[387-387]	387	1
COV	[389-389]	389	2
COV	[390-390]	390	2
COV	[392-392]	392	2
COV	[393-393]	393	2
COV	[395-395]	395	3
COV	[396-396]	396	1
COV	[397-397]	397	1
COV	[398-398]	398	2
COV	[399-399]	399	1
COV	[400-400]	400	1
COV	[401-401]	401	2
COV	[402-402]	402	2
COV	[403-403]	403	2
COV	[404-404]	404	2
COV	[406-406]	406	2
COV	[408-408]	408	2
COV	[409-409]	409	4
COV	[410-410]	410	1
COV	[411-411]	411	3
COV	[412-412]	412	1
COV	[413-413]	413	4
COV	[414-414]	414	2
COV	[415-415]	415	2
COV	[416-416]	416	2
COV	[417-417]	417	1
COV	[419-419]	419	2
COV	[420-420]	420	1
COV	[421-421]	421	1
COV	[422-422]	422	3
COV	[424-424]	424	2
COV	[425-425]	425	1
COV	[426-426]	426	4
COV	[427-427]	427	3
COV	[428-428]	428	3
COV	[429-429]	429	2
COV	[430-430]	430	2
COV	[431-431]	431	4
COV	[432-432]	432	1
COV	[433-433]	433	4
COV	[434-434]	434	1
COV	[435-435]	435	4
COV	[436-436]	436	1
COV	[437-437]	437	2
COV	[438-438]	438	6
COV	[439-439]	439	2
COV	[440-440]	440	2
COV	[441-441]	441	3
COV	[442-442]	442	1
COV	[443-443]	443	1
COV	[444-444]	444	4
COV	[445-445]	445	4
COV	[446-446]	446	4
COV	[447-447]	447	2
COV	[448-448]	448	5
COV	[449-449]	449	3
COV	[450-450]	450	4
COV	[451-451]	451	3
COV	[452-452]	452	4
COV	[453-453]	453	2
COV	[454-454]	454	4
COV	[455-455]	455	1
COV	[456-456]	456	4
COV	[458-458]	458	7
COV	[459-459]	459	2
COV	[460-460]	460	1
COV	[461-461]	461	5
COV	[462-462]	462	2
COV	[463-463]	463	6
COV	[464-464]	464	6
COV	[465-465]	465	7
COV	[466-466]	466	10
COV	[467-467]	467	1
COV	[469-469]	469	1
COV	[472-472]	472	1
COV	[473-473]	473	1
COV	[474-474]	474	1
COV	[475-475]	475	1
COV	[476-476]	476	1
COV	[478-478]	478	2
COV	[480-480]	480	1
COV	[481-481]	481	1
COV	[482-482]	482	2
COV	[487-487]	487	1
COV	[488-488]	488	1
COV	[493-493]	493	1
COV	[496-496]	496	1
COV	[498-498]	498	2
COV	[499-499]	499	1
COV	[501-501]	501	1
COV	[502-502]	502	1
COV	[503-503]	503	1
COV	[505-505]	505	1
COV	[509-509]	509	1
COV	[512-512]	512	1
COV	[513-513]	513	2
COV	[514-514]	514	1
COV	[515-515]	515	1
COV	[519-519]	519	1
COV	[520-520]	520	2
COV	[523-523]	523	1
COV	[524-524]	524	1
COV	[525-525]	525	1
COV	[526-526]	526	1
COV	[528-528]	528	1
COV	[529-529]	529	1
COV	[532-532]	532	1
COV	[533-533]	533	1
COV	[534-534]	534	1
COV	[535-535]	535	1
COV	[536-536]	536	1
COV	[537-537]	537	1
COV	[538-538]	538	2
COV	[539-539]	539	1
COV	[540-540]	540	1
COV	[542-542]	542	1
COV	[544-544]	544	2
COV	[546-546]	546	2
COV	[547-547]	547	1
COV	[548-548]	548	2
COV	[551-551]	551	2
COV	[552-552]	552	1
COV	[554-554]	554	3
COV	[555-555]	555	1
COV	[557-557]	557	2
COV	[558-558]	558	1
COV	[559-559]	559	1
COV	[560-560]	560	1
COV	[561-561]	561	1
COV	[562-562]	562	1
COV	[563-563]	563	3
COV	[564-564]	564	2
COV	[565-565]	565	4
COV	[566-566]	566	1
COV	[567-567]	567	1
COV	[568-568]	568	2
COV	[569-569]	569	2
COV	[570-570]	570	3
COV	[571-571]	571	1
COV	[572-572]	572	1
COV	[573-573]	573	2
COV	[575-575]	575	2
COV	[576-576]	576	3
COV	[577-577]	577	1
COV	[578-578]	578	2
COV	[580-580]	580	4
COV	[581-581]	581	1
COV	[582-582]	582	2
COV	[583-583]	583	5
COV	[584-584]	584	5
COV	[585-585]	585	4
COV	[586-586]	586	2
COV	[587-587]	587	3
COV	[588-588]	588	1
COV	[589-589]	589	1
COV	[590-590]	590	2
COV	[591-591]	591	4
COV	[593-593]	593	1
COV	[594-594]	594	1
COV	[598-598]	598	1
COV	[599-599]	599	1
COV	[606-606]	606	1
COV	[613-613]	613	1
COV	[617-617]	617	1
COV	[620-620]	620	1
COV	[629-629]	629	1
COV	[630-630]	630	1
COV	[639-639]	639	2
COV	[644-644]	644	1
COV	[645-645]	645	1
COV	[649-649]	649	1
COV	[650-650]	650	1
COV	[651-651]	651	1
COV	[658-658]	658	1
COV	[659-659]	659	1
COV	[663-663]	663	1
COV	[670-670]	670	1
COV	[671-671]	671	1
COV	[674-674]	674	2
COV	[676-676]	676	2
COV	[678-678]	678	2
COV	[679-679]	679	1
COV	[680-680]	680	1
COV	[683-683]	683	1
COV	[685-685]	685	2
COV	[686-686]	686	12
COV	[688-688]	688	1
COV	[699-699]	699	1
COV	[718-718]	718	1
COV	[720-720]	720	1
COV	[729-729]	729	1
COV	[762-762]	762	1
COV	[764-764]	764	1
COV	[769-769]	769	1
COV	[795-795]	795	1
COV	[806-806]	806	1
COV	[809-809]	809	1
COV	[831-831]	831	1
COV	[852-852]	852	1
COV	[854-854]	854	1
COV	[857-857]	857	1
COV	[883-883]	883	1
COV	[893-893]	893	1
COV	[894-894]	894	1
COV	[898-898]	898	1
COV	[905-905]	905	1
COV	[930-930]	930	1
COV	[937-937]	937	1
COV	[939-939]	939	1
COV	[973-973]	973	1
COV	[975-975]	975	1
COV	[986-986]	986	1
COV	[998-998]	998	1
COV	[1000-1000]	1000	1
COV	[1000<]	1000	91
# GC-depth. Use `grep ^GCD | cut -f 2-` to extract this part. The columns are: GC%, unique sequence percentiles, 10th, 25th, 50th, 75th and 90th depth percentile
GCD	0.0	0.170	0.000	0.000	0.000	0.000	0.000
GCD	14.0	0.340	9.085	9.085	17.327	25.570	25.570
GCD	15.0	0.510	20.455	20.455	21.983	23.510	23.510
GCD	16.0	0.595	12.915	12.915	12.915	12.915	12.915
GCD	17.0	1.786	11.917	12.431	14.050	14.922	16.978
GCD	18.0	6.888	12.587	13.302	14.965	15.791	17.134
GCD	19.0	24.830	12.753	14.220	15.435	16.840	18.129
GCD	20.0	53.656	13.620	14.625	15.975	17.235	18.385
GCD	21.0	77.806	14.120	14.996	16.210	17.614	18.890
GCD	22.0	87.500	14.500	15.414	16.260	17.656	18.615
GCD	23.0	91.497	14.960	15.785	16.815	18.255	19.477
GCD	24.0	92.687	13.597	15.234	17.778	20.996	22.225
GCD	25.0	93.707	13.625	15.564	16.870	19.821	21.848
GCD	26.0	94.643	8.176	15.190	17.135	21.465	23.493
GCD	27.0	96.173	11.959	12.800	20.615	24.351	25.277
GCD	28.0	97.789	13.190	15.445	18.870	21.890	23.250
GCD	29.0	98.554	19.845	22.192	25.100	27.290	29.460
GCD	30.0	98.895	13.580	13.619	17.032	22.246	22.885
GCD	31.0	99.150	1.630	1.630	13.220	97.015	97.015
GCD	32.0	99.320	7.565	7.565	16.075	24.585	24.585
GCD	33.0	99.575	3.090	3.090	6.410	21.095	21.095
GCD	35.0	99.745	4.175	4.175	13.913	23.650	23.650
GCD	42.0	99.915	0.075	0.075	6.365	12.655	12.655
GCD	47.0	100.000	0.450	0.450	0.450	0.450	0.450
